feature	SF1	SF2	SF3	SF4	SF5	SF6	SF7	SF8	SF9	SF10	SF11	SF12	SF13	SF14	SF15	SF16	SF17	SF18	SF19	SF20	SF21	SF22	SF23	SF24	SF25	SF26	SF27	SF34	SF35	SF36	SF37	
PWY.6281._L.selenocysteine_biosynthesis_II_.archaea_and_eukaryotes.	2.5935E-07	0	0	3.81452E-07	0	3.36779E-07	0	1.32329E-07	0	0	2.08891E-07	0	1.52775E-07	0	5.35114E-08	0	0	0	2.84931E-07	0	0	5.35814E-07	0	6.676E-08	0	0	0	2.25652E-07	0	0	0	
PWY.5855._ubiquinol.7_biosynthesis_.early_decarboxylation.	0	7.61164E-05	7.98747E-05	1.34217E-06	6.68266E-05	0	5.98909E-07	7.33248E-07	0.000103452	0.000114206	0	9.26179E-05	4.10494E-07	3.22092E-06	2.49976E-05	5.48037E-06	2.35387E-06	2.05483E-07	2.17047E-05	3.67506E-05	1.50179E-05	0	0.000246087	5.4907E-06	0.000023279	0.000010062	7.02073E-05	0	0.000147419	7.28781E-07	4.82641E-07	
PWY.6803._phosphatidylcholine_acyl_editing	1.02043E-06	0.000293667	0.000304079	8.54412E-06	0.000239159	1.08376E-06	5.56888E-06	1.30727E-06	0.000260009	0.000306502	7.93226E-07	0.000376389	6.71997E-07	4.63374E-05	3.93016E-05	9.71418E-06	1.35789E-05	3.31504E-06	3.25036E-05	0.000106766	6.40878E-05	2.1462E-06	0.000447663	1.44094E-05	0.000135524	5.31216E-05	0.000331774	9.29946E-07	0.000190307	1.03482E-06	6.31162E-06	
PWY66.201._nicotine_degradation_IV	4.79785E-06	0	0	6.65374E-06	0	3.10349E-06	0	2.95165E-06	0	0	3.88261E-06	0	2.92723E-06	0	1.82709E-06	0	2.39919E-06	3.92639E-06	2.57742E-06	8.18688E-07	0	3.42094E-05	1.14074E-07	2.45343E-06	0	9.80403E-07	0	4.3906E-06	0	0	1.38765E-05	
PWY.7185._UTP_and_CTP_dephosphorylation_I	1.32093E-06	0	0	2.30063E-06	0	3.39055E-07	0	4.10368E-07	9.51395E-08	0	7.33414E-07	0	2.85148E-07	0	8.26843E-07	0	3.50435E-07	0	4.7665E-07	3.65914E-07	0	2.16677E-06	4.90273E-07	8.19724E-07	0	4.04178E-07	0	1.79169E-06	0	0	0	
PWY.5067._glycogen_biosynthesis_II_.from_UDP.D.Glucose.	3.69045E-07	0	0	2.14689E-07	0	1.49923E-07	0	1.60262E-07	0	0	2.42447E-07	0	2.66478E-07	0	7.46894E-08	0	1.23743E-07	1.91577E-07	9.81635E-08	7.67483E-08	0	9.38241E-07	0	1.12076E-07	0	5.5891E-08	0	2.23159E-07	0	0	7.2578E-07	
PWY.7433._mucin_core_1_and_core_2_O.glycosylation	1.01198E-06	0	0	8.71647E-07	0	7.67839E-07	0	6.53699E-07	0	0	1.01201E-06	0	6.35616E-07	0	3.82467E-07	0	4.44469E-07	1.02812E-06	4.37591E-07	1.84775E-07	0	7.04529E-06	0	4.84796E-07	0	3.78083E-07	0	7.59909E-07	0	0	2.79054E-06	
PWY0.1477._ethanolamine_utilization	1.84991E-06	0.000968744	0.00102164	1.89048E-05	0.000670286	2.34189E-05	0.000129683	2.37408E-06	0.000844954	0.000867179	4.55836E-07	0.000786494	1.86119E-06	0.000188678	6.05452E-05	4.59985E-05	3.95069E-05	2.27016E-06	3.12793E-05	0.000266123	0.000136888	0	0.000653876	3.48397E-05	0.000356016	0.00010255	0.000915796	2.97085E-06	0.000370591	0.000164423	2.65364E-06	
PWY.7833._biosynthesis_of_Lewis_epitopes_.H._pylori.	1.36017E-06	0	0	2.9426E-06	0	1.27328E-06	0	8.10166E-07	7.58393E-08	0	1.40474E-06	0	1.38388E-06	0	7.12206E-07	0	9.71592E-07	2.02479E-06	7.85976E-07	5.15553E-07	0	1.17177E-05	1.26521E-07	9.06899E-07	0	4.96602E-07	0	1.44877E-06	0	0	3.84416E-06	
PWY.7832._ABH_and_Lewis_epitopes_biosynthesis_from_type_1_precursor_disaccharide	2.27825E-06	0	0	3.32403E-06	0	1.66095E-06	0	1.29141E-06	6.82114E-08	0	1.64994E-06	0	1.74908E-06	0	1.10241E-06	0	1.28728E-06	2.78628E-06	1.29689E-06	6.22131E-07	0	1.93602E-05	1.7362E-07	1.26335E-06	0	6.89175E-07	0	1.9391E-06	0	0	6.40327E-06	
PWY.6558._heparan_sulfate_biosynthesis_.late_stages.	2.49465E-07	0	0	5.08502E-07	0	4.21962E-07	0	4.0886E-07	0	0	3.50865E-07	0	0	0	2.46744E-07	0	1.74838E-07	3.78577E-07	2.06063E-07	9.0622E-08	0	4.23821E-06	0	1.18235E-07	0	0	0	4.27207E-07	0	0	9.71623E-07	
GLUCOSE1PMETAB.PWY._glucose_and_glucose.1.phosphate_degradation	9.28291E-07	0.000503028	0.000532304	5.06277E-05	0.000400795	0	0.000291756	3.26211E-06	0.000436594	0.000466367	9.72897E-07	0.000453683	2.24388E-06	0.000111021	0.000055816	0.000325443	3.42063E-05	9.7866E-07	5.02499E-05	0.000252424	0.000263648	1.34357E-06	0.000325055	3.69837E-05	0.00034635	0.000135214	0.000593524	1.77983E-05	0.000252918	0.000566591	2.21412E-06	
PWY.5138._fatty_acid_.beta..oxidation_IV_.unsaturated._even_number.	0	0.000192818	0.000201015	3.09699E-06	0.000191588	0	0	1.62058E-06	0.000221121	0.000247017	0	0.000239802	4.74109E-07	3.19531E-05	6.49975E-05	3.43837E-05	8.70244E-06	1.13288E-06	4.48693E-05	9.66932E-05	4.15459E-05	0	0.000515719	1.15719E-05	0.000164609	4.77797E-05	0.000247422	0	0.000319878	0	3.09792E-06	
PWY.5136._fatty_acid_.beta..oxidation_II_.plant_peroxisome.	7.76456E-07	0.000589987	0.000617176	8.67979E-06	0.000504834	2.23022E-06	0.000008291	2.62135E-06	0.000491471	0.000531931	9.13577E-07	0.000635651	1.72707E-06	0.000118703	8.03128E-05	5.89167E-05	3.04414E-05	1.72506E-06	6.15762E-05	0.000248025	0.000107154	3.15321E-06	0.000830901	4.43855E-05	0.000324183	0.000113986	0.000489829	1.54789E-06	0.000461548	0.000052179	2.66453E-06	
HEME.BIOSYNTHESIS.II._heme_b_biosynthesis_I_.aerobic.	3.50896E-07	0.000257698	0.000281945	5.19009E-05	0.000222466	1.86699E-05	0.000088787	2.45897E-06	0.000240995	0.000252769	2.23949E-07	0.000419595	1.78684E-06	0.000143721	3.44144E-05	0.000236443	1.45304E-05	6.60218E-07	3.40472E-05	0.000117297	5.61986E-05	0	0.000292609	1.17692E-05	0.000242051	7.00216E-05	0.000264812	4.34997E-06	0.000204046	0.000276469	8.18641E-07	
PWY0.1298._superpathway_of_pyrimidine_deoxyribonucleosides_degradation	4.60295E-07	0.00031991	0.000342428	2.99846E-05	0.000260184	9.19957E-06	4.65394E-05	0.000001471	0.000306792	0.000326776	2.80753E-07	0.00031296	2.53017E-06	0.000132032	5.69159E-05	0.000240912	3.05059E-05	1.32761E-06	3.22128E-05	0.000197568	0.000107846	0	0.000311748	5.55211E-05	0.000209817	7.22225E-05	0.000341112	7.23424E-06	0.00020819	0.000312502	1.51883E-06	
PWY.8052._2.arachidonoylglycerol_biosynthesis	4.15951E-07	0	0	2.8136E-07	0	3.90955E-07	0	0	0	0	2.29946E-07	0	2.19882E-07	0	5.96103E-08	0	0	0	0	0	0	1.62829E-06	0	3.92834E-07	0	6.74106E-08	0	0	0	0	0	
REDCITCYC._TCA_cycle_VI_.Helicobacter.	6.28067E-07	0.000135974	0.000140745	3.9717E-06	0.000125885	3.11021E-06	1.17924E-05	1.26788E-06	0.000183877	0.000183434	0	0.000134407	6.54363E-07	2.93508E-05	1.80027E-06	8.68754E-06	4.49528E-06	3.00092E-07	1.74805E-06	5.65279E-05	2.16588E-05	0	7.84946E-05	3.75907E-06	3.72831E-05	2.89153E-05	0.00020187	0	1.79489E-05	3.76115E-05	0	
PWY.5918._superpathway_of_heme_b_biosynthesis_from_glutamate	3.92287E-07	0.000238317	0.000249031	0.000026776	0.000246951	2.54986E-05	0.000127549	2.32543E-06	0.00026239	0.000280582	0	0.00039642	1.81311E-06	0.000123356	3.57089E-05	0.000222909	1.67601E-05	4.83742E-07	0.000028074	0.000129192	5.88224E-05	0	0.000309663	0.000021525	0.000322093	9.50685E-05	0.000250338	1.10208E-06	0.00017225	5.73411E-05	0	
GLUCARDEG.PWY._D.glucarate_degradation_I	0	0.000305535	0.000330208	2.85427E-06	0.000262128	0	7.7808E-07	2.37076E-07	0.000331759	0.0003108	1.66329E-07	0.000439648	7.03771E-07	2.82819E-05	3.65437E-05	1.55581E-06	1.34621E-05	9.09137E-07	2.78467E-05	0.000141555	0.000046639	0	0.000105535	1.50321E-05	0.000150765	4.37799E-05	0.000315245	0	9.33486E-07	0	1.16804E-06	
PWY.8004._Entner.Doudoroff_pathway_I	6.04477E-06	0.000209049	0.000229996	1.86497E-05	0.000224763	1.17667E-05	4.23603E-05	2.13063E-06	0.000182054	0.00021521	0	0.000362742	2.76854E-06	0.000122943	3.12834E-05	0.000036664	4.01332E-05	1.47795E-06	2.46956E-05	0.000112535	0.000216639	0	0.00026166	2.21391E-05	0.000156523	7.83553E-05	0.000212601	1.14688E-06	0.000209508	0.000107273	1.70906E-06	
PWY.6305._superpathway_of_putrescine_biosynthesis	7.06637E-06	0.000357753	0.000397038	1.34758E-05	0.000389961	1.79447E-06	1.33218E-05	1.66818E-06	0.00061535	0.000531075	2.57748E-07	0.000504836	1.63217E-06	0.000073944	3.34815E-05	1.29701E-05	3.09246E-05	1.14858E-06	2.46763E-05	0.00019929	8.53401E-05	1.07076E-06	0.00034008	0.000058819	0.00026925	0.000084607	0.0005393	1.10483E-06	0.000166073	2.13286E-05	1.83601E-06	
PWY.6948._sitosterol_degradation_to_androstenedione	4.67976E-07	8.13589E-08	0	1.36271E-06	0	8.45387E-07	0	5.11196E-07	0	0	7.87205E-07	0	5.34425E-07	0	2.70715E-07	0	6.06342E-07	6.98381E-07	6.79158E-07	2.03281E-07	0	3.90669E-06	2.90753E-07	4.8347E-07	0	4.51328E-07	0	9.27024E-07	0	0	2.67606E-06	
PWY.7118._chitin_deacetylation	1.9146E-07	0.000309762	0.000331413	5.74437E-06	0.000282402	2.18449E-06	9.93829E-06	1.07242E-06	0.00036738	0.000440802	6.83076E-07	0.000370791	4.69864E-07	0.000036596	3.17509E-05	1.33623E-05	1.26966E-05	6.67221E-07	2.01499E-05	0.000197994	8.04017E-05	0	0.000352828	2.22321E-05	0.000133595	4.03522E-05	0.000388637	6.6873E-07	9.03241E-06	2.44358E-06	4.41851E-07	
PWY.7315._dTDP.N.acetylthomosamine_biosynthesis	0	0.000246069	0.000249615	1.8857E-06	0.000212658	0	0	1.57066E-06	0.000305514	0.000308061	0	0.000235304	1.53732E-06	0.000111938	3.02082E-05	1.2058E-06	8.43152E-06	3.64848E-07	0.000030846	0.00010832	0.000053965	0	0.000282922	1.42772E-05	0.000131533	4.16735E-05	0.000273386	0	0.00023866	0	1.27083E-06	
ORNDEG.PWY._superpathway_of_ornithine_degradation	3.82927E-07	0.000294402	0.000333614	4.96177E-06	0.000360167	0	1.45484E-06	8.10593E-07	0.000395753	0.000389034	0	0.000544986	7.41659E-07	3.94961E-05	3.70041E-05	3.34041E-06	1.96661E-05	8.2888E-07	0.000022339	0.000187887	6.56745E-05	0	0.000347014	3.80266E-05	0.000234008	6.30283E-05	0.000430229	0	3.11348E-06	0	6.78334E-07	
PWY.5189._tetrapyrrole_biosynthesis_II_.from_glycine.	2.45764E-07	0.000182259	0.000184713	1.48715E-05	0.000230332	3.06543E-05	0.000158929	2.2852E-06	0.000253005	0.000278092	6.80691E-07	0.000346771	1.14839E-06	9.73793E-05	1.31324E-05	0.00014715	1.23424E-05	5.70977E-07	2.26519E-05	0.000112064	0.000037742	0	0.000300498	0.000027481	0.000352822	9.76542E-05	0.000202344	6.10966E-07	1.32062E-05	2.57251E-05	5.23232E-07	
PWY.6507._4.deoxy.L.threo.hex.4.enopyranuronate_degradation	2.39001E-06	0.000032142	3.73417E-05	6.04489E-06	0.000100118	2.00406E-06	1.02359E-05	8.84165E-07	8.60145E-07	5.87745E-07	0	0.000130992	9.57576E-07	6.13726E-05	2.18804E-05	4.25364E-06	0.000026821	2.0249E-07	2.20971E-05	0.000103854	7.84098E-05	0	0.000224407	2.76391E-05	0.000123302	0.000052257	0.000039314	0	0.000235744	5.2306E-06	8.30588E-07	
GLYOXYLATE.BYPASS._glyoxylate_cycle	6.57147E-07	0.000336778	0.000347511	3.74623E-06	0.000260013	1.6169E-06	7.85446E-06	1.56301E-06	0.000467853	0.000446708	6.07816E-07	0.000519585	3.94495E-07	6.01311E-05	0.000033001	0.000022162	1.67576E-05	9.04161E-07	2.69907E-05	0.000143524	7.66902E-05	0	0.0003139	1.38019E-05	0.000137677	5.03624E-05	0.00034393	5.30809E-07	8.00384E-06	2.57837E-06	1.24258E-06	
PWY.821._superpathway_of_sulfur_amino_acid_biosynthesis_.Saccharomyces_cerevisiae.	0	7.68222E-06	1.29428E-06	1.31154E-05	0.000036399	1.72801E-06	5.64328E-06	1.6085E-06	3.69987E-05	2.33889E-06	9.98712E-07	0	1.06592E-06	5.36855E-05	9.29565E-06	4.39519E-05	2.36898E-05	0	9.75977E-06	8.01001E-05	0.000116367	0	0	4.53799E-06	9.31228E-05	6.88674E-05	4.65355E-05	1.20851E-06	0	5.80175E-06	0	
PWY.5913._partial_TCA_cycle_.obligate_autotrophs.	4.13716E-07	0.000490569	0.000516327	1.09253E-05	0.000384305	4.07477E-06	1.78452E-05	1.71489E-06	0.000493599	0.000531352	2.84464E-06	0.000547578	1.14314E-06	5.64118E-05	4.47694E-05	7.66301E-05	2.07113E-05	7.80484E-07	3.37231E-05	0.000210807	9.38122E-05	0	0.000362037	3.80173E-05	0.000264448	8.07526E-05	0.000497128	1.99772E-06	7.94013E-05	0.000133226	1.21316E-06	
PWY.6895._superpathway_of_thiamine_diphosphate_biosynthesis_II	0	0.000236789	0.000251936	1.32165E-05	0.000216865	1.90265E-05	0.000123461	2.90098E-06	0.000248605	0.000209626	0	0.000327733	0	0.00011631	3.04523E-05	2.87042E-05	0.000064295	8.29154E-07	2.78899E-05	0.000180526	0.000150343	0	0.000244684	3.68495E-05	0.000189371	8.98955E-05	0.000232853	0	0.000125638	1.05816E-05	0	
PWY.7242._D.fructuronate_degradation	2.40326E-06	3.69472E-05	4.26181E-05	3.19271E-06	0.000103973	2.16151E-06	1.10809E-05	1.0048E-06	1.29709E-06	8.00961E-07	0	0.000136531	3.59531E-07	6.10844E-05	3.00051E-05	2.08977E-06	2.58309E-05	2.04992E-07	2.01363E-05	0.000106516	4.64291E-05	0	0.000270693	2.06831E-05	0.000128886	5.03523E-05	2.77673E-05	0	0.000241996	9.81586E-06	8.30683E-07	
GALACTARDEG.PWY._D.galactarate_degradation_I	2.41078E-07	0.000341815	0.000371859	3.31123E-06	0.000369398	0	6.07592E-07	2.33682E-07	0.000373562	0.000344931	0	0.000519413	8.46128E-07	6.85634E-05	4.48156E-05	2.70261E-06	2.06415E-05	1.11757E-06	2.84353E-05	0.000171096	5.42067E-05	0	0.000143864	1.92965E-05	0.000295187	0.000087067	0.00035528	0	1.43797E-06	0	1.21154E-06	
GLUCARGALACTSUPER.PWY._superpathway_of_D.glucarate_and_D.galactarate_degradation	2.41078E-07	0.000341815	0.000371859	3.31123E-06	0.000369398	0	6.07592E-07	2.33682E-07	0.000373562	0.000344931	0	0.000519413	8.46128E-07	6.85634E-05	4.48156E-05	2.70261E-06	2.06415E-05	1.11757E-06	2.84353E-05	0.000171096	5.42067E-05	0	0.000143864	1.92965E-05	0.000295187	0.000087067	0.00035528	0	1.43797E-06	0	1.21154E-06	
ECASYN.PWY._enterobacterial_common_antigen_biosynthesis	0	0.00017454	0.000177778	1.88854E-06	0.000135794	0	0	1.04776E-06	0.000143484	0.000156751	0	8.41264E-05	0	1.75559E-05	3.47926E-05	7.49021E-07	4.11796E-06	0	0.000030846	7.21278E-05	3.78999E-05	0	0.000282231	6.6337E-06	4.38052E-05	1.19605E-05	0.000183677	0	0.00020383	0	9.83552E-07	
PWY.6293._superpathway_of_L.cysteine_biosynthesis_.fungi.	0	5.20046E-06	9.1698E-07	2.59149E-06	2.39661E-05	0	0	1.55523E-07	1.55639E-05	8.97106E-07	0	0	0	2.01168E-05	0	7.34259E-07	8.50182E-06	0	7.79823E-07	3.41177E-05	3.06587E-05	0	0	3.52701E-06	2.73481E-05	8.73148E-06	2.13081E-05	0	3.06452E-06	6.01811E-06	0	
PWY.6557._glycosaminoglycan.protein_linkage_region_biosynthesis	5.61997E-07	0	0	2.65999E-07	0	4.06514E-07	0	3.05614E-07	0	0	6.62101E-07	0	6.70714E-07	0	2.72364E-07	0	0	3.60659E-07	2.52662E-07	1.67049E-07	0	4.78073E-06	0	2.39261E-07	0	3.49589E-07	0	4.7232E-07	0	0	2.07316E-06	
PWY0.1061._superpathway_of_L.alanine_biosynthesis	0	0.000235367	0.000249778	5.06092E-06	0.000177995	1.55984E-06	1.21471E-05	2.09678E-06	0.000208004	0.000218433	6.59808E-06	0.000257566	0	3.44702E-05	7.09837E-05	0.000225021	9.49916E-06	8.7752E-07	4.15633E-05	0.000112007	5.19273E-05	0	0.000393691	0.000013496	0.00013682	3.86522E-05	0.000238333	3.43179E-06	0.000102849	0.000153984	1.69114E-06	
PWY.6478._GDP.D.glycero..alpha..D.manno.heptose_biosynthesis	0	0	0	1.18875E-06	0	3.02962E-07	2.44184E-06	6.33331E-07	0	0	0	0	1.00438E-06	4.86327E-05	0	3.37039E-07	1.51154E-06	0	1.31468E-06	9.49611E-07	5.21983E-05	0	0	0	2.39086E-06	8.04001E-06	2.93423E-06	0	0	0	0	
PWY.5920._superpathway_of_heme_b_biosynthesis_from_glycine	2.71473E-07	0.000139053	0.000138602	4.7054E-06	0.000174875	1.23899E-06	7.04578E-07	1.46533E-06	0.000163638	0.000181491	0	0.000250829	7.55919E-07	7.85796E-05	1.90016E-05	7.26796E-05	6.66753E-06	5.05333E-07	2.65817E-05	9.30696E-05	0.000044321	0	0.000294409	9.89592E-07	0.000230371	7.81307E-05	0.00014939	6.83829E-07	2.47717E-05	1.25628E-05	4.75094E-07	
PWY.6358._superpathway_of_D.myo.inositol_.1.4.5..trisphosphate_metabolism	3.98498E-07	0	0	0	0	3.20831E-07	0	0	0	0	5.23584E-07	0	3.41593E-07	0	2.42274E-07	0	0	2.82134E-07	1.20963E-07	7.5705E-08	0	3.0406E-06	0	2.79036E-07	0	1.68735E-07	0	2.89704E-07	0	0	1.36907E-06	
PWY.6608._guanosine_nucleotides_degradation_III	4.98237E-06	0.000409762	0.000423013	2.16914E-05	0.000360561	6.93603E-05	0.000366726	3.7972E-06	0.000415123	0.000428002	2.01758E-06	0.000708368	2.04238E-06	0.000122253	2.81631E-06	6.82477E-05	6.54991E-05	2.34008E-06	3.0492E-06	0.000217752	0.000125711	0	0.000753758	9.90535E-05	0.00038012	0.00011846	0.00044927	3.80337E-07	0.000265956	0.000054836	0	
PWY66.374._C20_prostanoid_biosynthesis	0	0	0	0	0	2.51139E-07	0	0	0	0	3.07566E-07	0	1.23899E-07	0	0	0	0	0	1.7083E-07	0	0	1.33525E-06	0	9.29147E-08	0	0	0	4.11803E-07	0	0	1.07353E-06	
PWY.7511._protein_ubiquitination	1.68525E-07	0	0	3.94456E-07	0	3.14274E-07	0	3.90032E-07	1.36404E-08	0	3.42957E-07	0	3.70356E-07	0	8.10484E-08	0	1.47063E-07	1.79926E-07	3.26836E-07	1.15039E-07	0	3.84433E-06	0	8.86959E-08	0	8.50403E-08	0	1.18028E-07	0	0	1.44338E-06	
PWY0.845._superpathway_of_pyridoxal_5..phosphate_biosynthesis_and_salvage	8.09969E-06	0.000274094	0.000294649	1.86879E-05	0.000249776	2.22258E-05	0.000104031	3.34209E-06	0.000258002	0.000299031	0	0.000279629	3.8681E-06	0.00028485	3.87097E-05	9.81129E-05	3.66134E-05	0	0.000029459	0.000138773	0.000258216	0	0.00029898	1.65458E-05	0.000206373	0.000115453	0.000312088	0	0.000189977	5.80239E-06	0	
FERMENTATION.PWY._mixed_acid_fermentation	1.87874E-06	0.000466867	0.000503306	1.15872E-05	0.000342103	8.62366E-06	3.49135E-05	0.000002911	0.00042658	0.00047349	8.01701E-06	0.000507346	2.04649E-06	0.000153052	4.15622E-05	0.000251357	3.68545E-05	1.53761E-06	3.68414E-05	0.000160729	0.00011583	0	0.000404312	1.68336E-05	0.000223613	9.08682E-05	0.000440685	3.7245E-06	0.000241266	0.000118832	2.59237E-06	
P161.PWY._acetylene_degradation_.anaerobic.	3.63632E-07	0.00041574	0.000462176	6.80474E-06	0.000324166	2.34189E-05	0.000129683	2.37408E-06	0.000333454	0.000396734	0	0.000390603	1.86119E-06	0.000188678	4.64236E-05	2.51503E-05	3.01195E-05	0	3.12793E-05	0.000249928	0.00010555	0	0.000425545	3.48397E-05	0.000135708	4.62949E-05	0.000464351	2.97085E-06	0.000316145	0.000164423	9.36563E-07	
PWY0.301._L.ascorbate_degradation_I_.bacterial._anaerobic.	0	0.000393593	0.000416823	4.41705E-06	0.000295776	0	6.76822E-07	1.41287E-06	0.000684859	0.000632975	0	0.000433408	2.88242E-07	2.23207E-05	6.48989E-05	2.14097E-06	1.34923E-05	1.30055E-06	4.37698E-05	0.000191593	6.38158E-05	0	0.000584436	2.53482E-05	0.000227299	5.98864E-05	0.000337901	0	5.92563E-07	7.80945E-06	0	
P105.PWY._TCA_cycle_IV_.2.oxoglutarate_decarboxylase.	0	0.0003499	0.000374718	5.11376E-06	0.000242231	8.45553E-06	3.63292E-05	1.16352E-06	0.000328027	0.000358096	0	0.000289888	0	3.84841E-05	1.8092E-06	6.02788E-06	2.09925E-05	1.13742E-06	1.58382E-06	0.000105616	5.90731E-05	0	9.94295E-05	1.03057E-05	0.00014085	4.96297E-05	0.000326494	0	1.61013E-05	1.51382E-05	0	
COBALSYN.PWY._superpathway_of_adenosylcobalamin_salvage_from_cobinamide_I	2.49036E-06	0.000311588	0.000327188	1.39884E-05	0.000232874	3.76177E-06	2.33385E-05	1.10184E-06	0.000304767	0.000304451	0	0.00015078	8.95122E-07	9.31637E-05	3.27838E-05	0.000141095	2.64324E-05	4.26103E-07	1.10741E-05	0.000131986	8.57001E-05	0	0.000319454	0.000097442	0.000344758	0.000105033	0.000287878	0	0.000139143	6.89056E-05	0	
PWY.561._superpathway_of_glyoxylate_cycle_and_fatty_acid_degradation	7.58531E-07	0.000421991	0.000441815	3.64189E-06	0.000318201	1.78247E-06	2.97136E-06	1.9187E-06	0.00046552	0.000472533	4.07413E-07	0.000458208	5.9621E-07	6.00328E-05	2.85989E-06	7.60152E-06	2.27605E-05	1.21522E-06	2.78019E-06	0.000146538	7.22292E-05	0	0.000144101	0.000014537	0.000193624	6.97738E-05	0.000414211	5.71553E-07	1.13934E-05	3.70835E-06	1.38818E-06	
GLYCOLYSIS.E.D._superpathway_of_glycolysis_and_the_Entner.Doudoroff_pathway	4.33826E-06	0.000247168	0.000269372	2.37044E-05	0.000270535	1.47943E-05	5.38896E-05	2.48787E-06	0.000217635	0.000258136	0	0.000424709	3.2229E-06	0.000143482	3.46655E-05	4.66326E-05	4.61682E-05	1.25188E-06	2.71449E-05	0.000146217	0.000178547	0	0.000268118	3.67829E-05	0.000232737	9.09831E-05	0.000249882	1.42285E-06	6.77159E-05	0.000132397	1.39436E-06	
PWY.7115._C4_photosynthetic_carbon_assimilation_cycle._NAD.ME_type	0	0.000251097	0.000267841	6.91514E-06	0.000177832	2.27196E-06	1.63183E-05	0.000001787	0.000225707	0.000245653	7.98659E-06	0.000240293	0	3.89936E-05	3.99635E-05	0.000183007	1.14488E-05	6.38209E-07	2.80051E-05	0.000100428	6.64431E-05	0	0.000356611	1.32967E-05	9.34119E-05	3.90213E-05	0.000270069	3.73652E-06	0.00027289	0.000114999	6.06706E-07	
PWY.6571._dermatan_sulfate_biosynthesis	5.50021E-07	0	0	4.22593E-07	0	3.95161E-07	0	4.11584E-07	0	0	4.92321E-07	0	4.73955E-07	0	2.53336E-07	0	0	4.97056E-07	3.19251E-07	1.45891E-07	0	3.92284E-06	0	3.16894E-07	0	2.53168E-07	0	5.9983E-07	0	0	1.6158E-06	
PWY.6569._chondroitin_sulfate_biosynthesis	5.73359E-07	0	0	4.23497E-07	0	4.109E-07	0	4.38583E-07	0	0	5.44659E-07	0	5.37074E-07	0	3.16185E-07	0	0	5.15456E-07	3.469E-07	1.56493E-07	0	4.13921E-06	0	3.39096E-07	0	3.02381E-07	0	6.41516E-07	0	0	1.85072E-06	
PWY0.1338._polymyxin_resistance	0	0.000163212	0.000167324	3.01222E-06	0.000145562	0	0	6.25087E-07	0.000134464	0.000188318	0	0.000182676	0	1.78654E-05	2.66282E-05	6.5493E-07	7.94974E-06	1.5446E-07	1.00213E-05	6.77824E-05	3.19725E-05	0	0.000225101	7.65177E-06	8.84824E-05	2.91833E-05	0.000151007	0	0.000211862	0	0	
PWY0.1297._superpathway_of_purine_deoxyribonucleosides_degradation	9.78613E-07	0.000317788	0.000335494	2.70065E-05	0.00026805	1.42284E-05	6.52112E-05	1.63113E-06	0.000313541	0.000324209	6.63836E-07	0.000394885	2.7136E-06	0.000172101	6.57616E-05	0.000314378	4.04696E-05	8.38097E-07	0.000035423	0.000193386	0.000129604	0	0.000403992	6.79458E-05	0.000179837	6.32171E-05	0.000335761	1.25531E-05	0.000284609	0.000344558	1.59106E-06	
PWY.5971._palmitate_biosynthesis_.type_II_fatty_acid_synthase.	0	0.000353675	0.000386996	3.59734E-05	0.000350635	0	1.86575E-05	3.58424E-06	0.000244474	0.000126051	0	0.00029382	0	0.000186004	6.86347E-05	0.000282879	7.51733E-05	8.5469E-07	5.72168E-05	0.00019612	0.000193493	0	0.000307809	1.48471E-05	0.000305285	0.000129669	0.000141014	1.04779E-05	0.00014297	0.000434446	1.61659E-06	
HEMESYN2.PWY._heme_b_biosynthesis_II_.oxygen.independent.	3.22121E-07	0.000292794	0.000309948	5.08753E-05	0.000259587	1.83797E-05	8.76183E-05	2.46085E-06	0.000359432	0.000378286	7.10308E-06	0.000421573	1.67339E-06	0.000122638	0.000045855	0.000299272	1.67312E-05	5.7473E-07	3.08619E-05	0.000158733	5.79693E-05	0	0.000363997	1.43439E-05	0.000294683	8.95487E-05	0.000310646	4.06514E-06	0.000199234	0.00032152	9.43991E-07	
PWY6666.2._dopamine_degradation	4.60673E-07	4.29417E-08	0	3.84499E-07	0	3.04555E-07	0	4.68405E-07	0	0	4.47164E-07	0	4.19905E-07	0	1.7271E-07	0	2.75968E-07	1.69855E-07	2.24145E-07	2.77063E-08	0	2.79749E-06	0	2.49827E-07	0	0	0	0	0	0	1.14588E-06	
PYRIDOXSYN.PWY._pyridoxal_5..phosphate_biosynthesis_I	9.40247E-06	0.000247235	0.000267328	1.34676E-05	0.000227162	5.47517E-05	0.000303244	4.14258E-06	0.000235726	0.000284351	0	0.000232818	3.56211E-06	0.000445395	3.30526E-05	4.89044E-05	3.37934E-05	5.18633E-07	2.39763E-05	0.000145197	0.000262076	0	0.000325429	1.12572E-05	0.000158712	9.90248E-05	0.000269879	0	0.000179815	2.52052E-06	7.48492E-07	
P461.PWY._hexitol_fermentation_to_lactate._formate._ethanol_and_acetate	8.79433E-07	0.000435716	0.000459725	1.76865E-05	0.000418282	9.76476E-07	3.80971E-06	2.07968E-06	0.000704959	0.000642449	5.00775E-07	0.000641359	3.11587E-06	7.95273E-05	5.92032E-05	7.13448E-05	4.71325E-05	1.03172E-06	4.07302E-05	0.000204266	0.000112237	0	0.000253961	4.73485E-05	0.000315689	9.13316E-05	0.000536064	3.87382E-06	2.37646E-05	0.000171894	2.68736E-06	
PWY.5104._L.isoleucine_biosynthesis_IV	0	0	1.50045E-07	1.07926E-06	1.41129E-05	0	0	1.78228E-06	2.20716E-07	1.86916E-07	0	0	5.38309E-07	4.67645E-05	0	1.72369E-06	2.87028E-05	0	0	7.08555E-06	9.4218E-06	0	0	9.23081E-07	2.38933E-05	3.58878E-05	1.0537E-06	0	0	0	0	
PWY.6961._L.ascorbate_degradation_II_.bacterial._aerobic.	0	5.51032E-05	6.49983E-05	1.29558E-06	0.000171136	0	6.33662E-07	6.18301E-07	0.000397999	0.00038319	0	0.000363917	3.29733E-07	2.46991E-05	5.07931E-05	1.6647E-06	1.23764E-05	9.67962E-07	2.40465E-05	0.00014754	0.000035743	0	0.000489474	1.88109E-05	0.000205825	5.52737E-05	4.03133E-05	0	4.35504E-07	0	0	
PWY.5840._superpathway_of_menaquinol.7_biosynthesis	0	0.000269117	0.000280152	2.13931E-05	0.000225341	0	5.58441E-06	2.78754E-06	0.000256126	0.000277894	0	0.000229462	1.77748E-06	0.000119102	3.35715E-05	0.000169002	2.07994E-05	0	2.80134E-05	0.000102396	8.46836E-05	0	0.000292219	1.69207E-05	0.000155248	6.20837E-05	0.000263714	2.95259E-06	2.20308E-05	0.000125319	0	
PWY.6564._heparan_sulfate_biosynthesis	2.93432E-07	0	0	0	0	3.11562E-07	0	2.87086E-07	0	0	2.74543E-07	0	0	0	1.98754E-07	0	0	3.36856E-07	1.87725E-07	8.75841E-08	0	3.64264E-06	0	1.37397E-07	0	0	0	3.46489E-07	0	0	1.13809E-06	
PWY.6922._L.N.delta..acetylornithine_biosynthesis	2.80585E-06	0	0	6.30312E-06	1.67286E-05	2.00982E-06	0	0	2.85608E-07	2.58578E-06	0	0	1.24938E-06	2.31427E-05	6.43238E-07	1.12103E-05	3.44641E-07	0	5.91215E-07	1.85862E-05	1.58493E-05	0	0.000008329	3.00069E-06	2.57544E-05	1.99042E-05	3.69152E-05	0	1.07287E-06	2.12922E-05	0	
PWY4LZ.257._superpathway_of_fermentation_.Chlamydomonas_reinhardtii.	4.64679E-07	0.000304276	0.000334125	8.2586E-06	0.000289785	8.41595E-07	1.76812E-05	1.83025E-06	0.000259559	0.000292897	0	0.000499785	1.40417E-06	0.000121036	4.70991E-05	2.49805E-05	3.12501E-05	0	8.55279E-06	0.000138236	4.82393E-05	0	0.000391621	0.000021558	0.000152583	5.20658E-05	0.000319677	2.1366E-06	7.00535E-06	0.000141364	1.10675E-06	
PWY66.389._phytol_degradation	7.53873E-07	0.000256224	0.00028078	4.38326E-06	0.00016727	1.15116E-05	5.28548E-05	7.03851E-07	0.000283728	0.00033391	2.33595E-06	9.90878E-06	1.27111E-06	7.25303E-06	7.74095E-06	8.05676E-05	5.80305E-06	8.45725E-07	9.76429E-07	5.50483E-05	2.92806E-05	2.4472E-06	0.000467059	7.13415E-06	1.56635E-05	9.60543E-06	0.000282663	1.99368E-06	0.000252725	6.16557E-05	1.58545E-06	
PWY.6969._TCA_cycle_V_.2.oxoglutarate_synthase.	3.08795E-06	0.000354694	0.000381835	8.7061E-06	0.000265843	3.24634E-05	0.000178311	3.72531E-06	0.000312693	0.000347539	1.73157E-06	0.000325532	3.3665E-06	0.000302369	1.83804E-06	4.87664E-05	0.000025871	1.08659E-06	1.80359E-06	0.000114483	0.000069061	0	9.95632E-05	1.12149E-05	0.000166595	6.99619E-05	0.000324315	1.17703E-06	5.18408E-05	4.88483E-05	2.07029E-06	
PWY.5723._Rubisco_shunt	0	0.000445339	0.000460413	3.05017E-05	0.000414442	0	0	2.70768E-06	0.000454311	0.000452176	8.28768E-07	0.000554164	1.30647E-06	7.59916E-05	5.28724E-05	6.00466E-06	0.000028278	7.17332E-07	3.88091E-05	0.000216431	0.000103689	0	0.000433749	4.18302E-05	0.000397686	0.000115323	0.000459793	0	4.05877E-05	1.94189E-05	7.92151E-07	
P441.PWY._superpathway_of_N.acetylneuraminate_degradation	1.36742E-06	0.00026789	0.00029492	2.39544E-05	0.000297758	7.65594E-06	2.71746E-05	3.24161E-06	0.000249617	0.000226279	0	0.000415766	3.00026E-06	0.000192396	4.80201E-05	0.000266295	4.91179E-05	1.14219E-06	3.01322E-05	0.00019999	0.000174264	0	0.000338197	4.82746E-05	0.00026918	0.000112118	0.000277139	1.02169E-05	0.000109655	0.000311004	1.55471E-06	
PWY.7117._C4_photosynthetic_carbon_assimilation_cycle._PEPCK_type	0	0.000593295	0.000620967	3.30015E-05	0.000446063	8.63746E-06	4.17289E-05	2.15354E-06	0.000642962	0.00068288	9.87362E-06	0.000449222	3.00309E-06	8.02285E-05	4.94454E-05	0.000404716	2.91577E-05	9.27073E-07	3.77227E-05	0.000250026	0.000179385	0	0.000445731	3.76343E-05	0.000253733	9.95217E-05	0.000624721	1.19589E-05	0.000340159	0.000398306	1.5549E-06	
PWY.6309._L.tryptophan_degradation_XI_.mammalian._via_kynurenine.	3.07841E-07	0	0	2.97309E-07	0	1.07888E-07	0	2.11004E-07	0	0	1.17871E-07	0	1.26503E-07	0	9.29359E-08	0	8.6601E-08	1.64935E-07	1.69914E-07	8.53926E-08	0	1.63661E-06	0	1.03573E-07	0	9.47065E-08	0	2.20574E-07	0	8.39836E-07	7.22849E-07	
PWY.7316._dTDP.N.acetylviosamine_biosynthesis	1.30327E-06	0	0	0	0	1.2182E-06	5.21829E-06	9.55433E-07	0	2.91265E-07	0	0	2.16484E-06	7.99695E-05	0	5.34764E-07	3.54083E-07	0	2.41195E-06	2.80803E-05	1.00138E-05	0	0	0	1.07692E-05	0.000041963	1.83086E-05	0	0	0	0	
PWY.7831._ABH_and_Lewis_epitopes_biosynthesis_from_type_2_precursor_disaccharide	1.48634E-06	0	0	0	0	7.5236E-07	0	5.9672E-07	0	0	1.02421E-06	0	6.75301E-07	0	4.27841E-07	0	4.93763E-07	7.48064E-07	5.72589E-07	2.88689E-07	0	7.37445E-06	0	9.62185E-07	0	2.59732E-07	0	0	0	0	4.34649E-06	
PWY.5675._nitrate_reduction_V_.assimilatory.	2.99509E-07	0.00019312	0.000213597	7.03713E-06	0.000220033	0	7.26099E-07	1.07832E-06	2.99815E-05	7.38688E-05	7.03037E-07	0.000414844	3.36453E-07	4.04998E-05	2.76603E-05	4.39634E-05	2.78932E-05	2.01331E-06	2.04518E-05	0.000154844	5.62024E-05	0	0.000378354	0.000034399	0.00014677	4.26314E-05	0.000222091	0	2.81983E-06	6.81903E-05	0	
GLYCOL.GLYOXDEG.PWY._superpathway_of_glycol_metabolism_and_degradation	0	3.86288E-05	5.47678E-05	4.91004E-07	5.63822E-05	0	0	3.94061E-07	6.54931E-06	3.81397E-06	0	0.000142656	1.18005E-07	8.25321E-06	0.000025287	1.21721E-06	3.28137E-06	5.23852E-07	1.74419E-05	0.000031131	1.87343E-05	0	2.85439E-06	4.56637E-05	4.08707E-05	1.22018E-05	2.73794E-05	0	8.45092E-07	2.19911E-06	0	
PWY.7434._terminal_O.glycans_residues_modification_.via_type_2_precursor_disaccharide.	2.57945E-06	9.5803E-08	0	3.83728E-06	0	1.75069E-06	0	1.46487E-06	1.38503E-06	1.9557E-07	2.00004E-06	0	1.52101E-06	0	9.42529E-07	1.56278E-05	7.43387E-07	2.43423E-06	1.09848E-06	6.22069E-07	0	1.54181E-05	4.42614E-08	8.23341E-07	0	7.87576E-07	0	5.67694E-06	5.05424E-06	1.88817E-05	7.40898E-06	
PWY.8182._valproate_.beta..oxidation	3.68137E-07	0	0	9.8229E-07	0	8.28578E-07	0	4.4171E-07	0	0	7.46923E-07	0	0	0	0	0	0	0	0	0	0	1.91105E-06	0	0	0	0	0	0	0	0	1.46054E-06	
POLYISOPRENSYN.PWY._polyisoprenoid_biosynthesis_.E._coli.	2.6222E-06	0.000267544	0.000278879	2.69965E-05	0.000255065	5.41909E-06	2.86411E-05	1.11101E-06	0.000290661	0.000273957	1.06307E-06	0.000314352	1.7875E-06	6.00181E-05	0.000041006	9.37768E-05	3.47582E-05	7.10385E-07	2.19821E-05	0.00012372	9.86882E-05	0	0.000348219	1.95835E-05	0.000178341	6.67873E-05	0.000280574	9.06691E-06	0.000207472	0.000215321	1.12678E-06	
PWY.5897._superpathway_of_menaquinol.11_biosynthesis	4.06295E-06	0.000287714	0.000301596	3.20252E-05	0.000252108	0	4.9034E-06	2.90545E-06	0.000292589	0.000301661	9.37382E-07	0.000385476	1.74418E-06	0.000110637	3.46519E-05	0.000176794	3.14942E-05	5.05874E-07	2.94034E-05	0.000143252	0.000141443	0	0.000294607	1.73375E-05	0.000216826	9.19044E-05	0.000279893	3.04337E-06	0.000185479	0.000165327	0	
PWY.5898._superpathway_of_menaquinol.12_biosynthesis	4.06295E-06	0.000287714	0.000301596	3.20252E-05	0.000252108	0	4.9034E-06	2.90545E-06	0.000292589	0.000301661	9.37382E-07	0.000385476	1.74418E-06	0.000110637	3.46519E-05	0.000176794	3.14942E-05	5.05874E-07	2.94034E-05	0.000143252	0.000141443	0	0.000294607	1.73375E-05	0.000216826	9.19044E-05	0.000279893	3.04337E-06	0.000185479	0.000165327	0	
PWY.5899._superpathway_of_menaquinol.13_biosynthesis	4.06295E-06	0.000287714	0.000301596	3.20252E-05	0.000252108	0	4.9034E-06	2.90545E-06	0.000292589	0.000301661	9.37382E-07	0.000385476	1.74418E-06	0.000110637	3.46519E-05	0.000176794	3.14942E-05	5.05874E-07	2.94034E-05	0.000143252	0.000141443	0	0.000294607	1.73375E-05	0.000216826	9.19044E-05	0.000279893	3.04337E-06	0.000185479	0.000165327	0	
PWY.7013._.S..propane.1.2.diol_degradation	0	0.000860484	0.000922981	1.12787E-05	0.000546948	0	0	1.76184E-06	0.000788802	0.000830945	0	0	0	9.39749E-06	0.000102783	5.84992E-06	3.58858E-06	0	3.97908E-05	0.000164934	8.42694E-05	0	0.000177676	7.24201E-07	0.00013016	3.46935E-05	0.000897456	5.46109E-07	5.92008E-07	3.18475E-05	2.74905E-06	
PWY.5505._L.glutamate_and_L.glutamine_biosynthesis	1.69048E-06	5.14792E-07	6.73824E-07	1.29966E-05	0.000029571	0	7.99988E-07	0	1.68935E-05	4.7527E-06	7.32938E-07	0	3.81406E-07	4.56871E-05	4.91975E-06	1.35688E-05	3.21572E-05	0	3.19518E-07	3.01622E-05	1.46446E-05	0	0	9.62545E-07	0.000035362	0.00002505	3.01675E-06	5.94023E-07	1.74247E-06	0	0	
PWY.7948._4.oxopentanoate_degradation	1.94831E-07	0	0	8.7168E-07	0	4.50811E-07	0	2.08042E-07	0	0	6.16762E-07	0	0	0	0	0	0	0	0	0	0	1.21743E-06	0	0	0	0	0	0	0	0	8.76007E-07	
TCA.GLYOX.BYPASS._superpathway_of_glyoxylate_bypass_and_TCA	6.26926E-07	0.000362357	0.000388342	3.21766E-06	0.000292635	1.79728E-06	2.65279E-06	1.14551E-06	0.000339963	0.000371589	0	0.000374563	0	5.46237E-05	2.32777E-06	6.38119E-06	0.000022244	1.02537E-06	2.27892E-06	0.000129781	6.90235E-05	0	0.000118832	0.000014096	0.000183689	6.44508E-05	0.000350495	0	9.36404E-06	3.0684E-06	0	
PWY.5384._sucrose_degradation_IV_.sucrose_phosphorylase.	1.3945E-06	0.000548549	0.000555483	3.83086E-05	0.000407161	4.64326E-06	2.84007E-05	1.18674E-06	0.000459267	0.000491312	1.03071E-06	0.000511906	3.24751E-06	6.95949E-05	1.15376E-05	0.000335238	3.47131E-05	8.02233E-07	2.21225E-05	0.000169285	0.000135197	0	0.000308732	4.46592E-05	0.000269384	9.04969E-05	0.000638138	1.20161E-05	0.000146545	0.000321675	0	
PWY66.430._myristate_biosynthesis_.mitochondria.	0	0.000208682	0.000221644	3.78104E-06	0.000164186	0	3.49859E-06	0	0.00020267	7.45978E-05	0	3.76182E-05	0	0	0	4.94689E-06	3.11082E-06	6.04406E-07	0	0.000102538	4.22756E-05	0	2.58986E-05	1.09491E-05	0.000024798	5.86244E-06	7.40704E-05	0	8.1938E-07	0	0	
GLUTORN.PWY._L.ornithine_biosynthesis_I	1.02414E-05	0.000373766	0.000379468	3.13525E-05	0.000366488	1.43065E-05	7.51743E-05	1.95597E-06	0.000412022	0.000415665	3.39231E-07	0.000457113	3.15653E-06	0.000152852	4.04507E-05	0.000304411	7.96118E-05	9.13309E-07	3.34241E-05	0.000233856	0.000157248	0	0.000457425	7.09662E-05	0.000333108	0.000129336	0.000379796	6.64757E-06	0.000216231	0.000314292	1.02055E-06	
PWY.8190._L.glutamate_degradation_XI_.reductive_Stickland_reaction.	0	0	0	0	0	0	0	3.26785E-07	5.89213E-07	0	0	0	3.60965E-07	7.80416E-06	0	3.01344E-06	0	0	8.73522E-07	1.82207E-06	0	0	0	0	1.03502E-06	3.29669E-06	0	0	0	0.000012034	0	
GOLPDLCAT.PWY._superpathway_of_glycerol_degradation_to_1.3.propanediol	0	0.000530131	0.000546962	7.72364E-06	0.000232044	0	7.92199E-07	6.14236E-07	0.000686494	0.000645398	0	0	2.00858E-07	5.5273E-06	0.000075015	6.59847E-06	3.3693E-06	0	1.76615E-05	6.84323E-05	0.000044208	0	0.000084149	3.56087E-06	4.68454E-05	0.000010625	0.000530598	6.4441E-07	1.42209E-06	4.42234E-05	7.54575E-07	
PWY.7385._1.3.propanediol_biosynthesis_.engineered.	5.60076E-07	8.19589E-05	8.99074E-05	1.58829E-06	0.000177802	3.90999E-07	0	5.46285E-07	0	1.61363E-06	4.52795E-07	0	6.88059E-07	9.08648E-06	6.49292E-07	4.49411E-06	0.000005766	8.30238E-07	1.18248E-06	9.95686E-05	4.07077E-05	0	4.37632E-06	5.68049E-06	0.000113771	3.37063E-05	3.7445E-06	1.05941E-06	1.04076E-06	0	1.54217E-06	
PWY.6527._stachyose_degradation	2.36155E-06	0.000353545	0.000379591	4.73388E-05	0.000257503	4.35836E-06	2.31068E-05	1.10742E-06	0.000285885	0.000312843	7.38092E-07	0.000349527	5.97786E-06	0.000123622	5.29936E-05	0.000419964	0.000049049	1.76196E-06	3.54191E-05	0.000211415	0.000122226	0	0.00016892	0.000115241	0.000403913	0.000162624	0.000359715	7.42643E-06	0.000115289	0.000340852	0	
DENITRIFICATION.PWY._nitrate_reduction_I_.denitrification.	0	1.21404E-07	1.05247E-07	9.89448E-07	2.70136E-06	0	0	0	7.87145E-06	6.08844E-07	0	0	0	0	5.35059E-07	1.52137E-06	0	0	0	6.7509E-06	1.69112E-07	0	1.72132E-07	0	1.79819E-06	5.18038E-07	0	0	1.06702E-06	8.84397E-06	0	
PWY.5838._superpathway_of_menaquinol.8_biosynthesis_I	4.31094E-06	0.000283214	0.000296585	2.71583E-05	0.000253312	0	5.52337E-06	1.43165E-06	0.000289794	0.000297635	8.0361E-07	0.000387377	0	0.000115866	3.35715E-05	6.69829E-05	3.39547E-05	4.84232E-07	2.92894E-05	0.000136277	0.000123616	0	0.000294068	1.69207E-05	0.000219138	0.000092135	0.000274842	1.98874E-06	0.000183811	8.18517E-05	0	
TCA._TCA_cycle_I_.prokaryotic.	1.13355E-06	0.000366534	0.000398305	6.37979E-06	0.000281149	2.05903E-06	2.28603E-06	1.09547E-06	0.000312693	0.000348415	4.14785E-07	0.0003307	0	0.000101733	1.83846E-06	3.18184E-05	0.000025871	1.03521E-06	1.80359E-06	0.000117304	0.000069061	0	9.95632E-05	1.24305E-05	0.00018069	6.99619E-05	0.00034089	0	3.00443E-05	4.88483E-05	0	
PWY.7456._.beta...1.4..mannan_degradation	6.06258E-06	0	0	6.93351E-06	0	3.01099E-06	1.09803E-05	1.89131E-06	6.2526E-07	3.19313E-06	0	0	2.42314E-06	0.000166081	1.55864E-06	1.63298E-05	2.51336E-05	0	3.58763E-06	4.91499E-05	8.14198E-05	0	0	2.80132E-05	4.70765E-05	6.25802E-05	4.13939E-05	0	0	0	0	
HOMOSER.METSYN.PWY._L.methionine_biosynthesis_I	0	0.000341554	0.000353867	9.35607E-06	0.000261171	0	0	1.21276E-06	0.000389769	0.000399133	6.81406E-07	0.000479165	7.3715E-07	2.76194E-05	4.72878E-05	8.93124E-05	1.61613E-05	4.94178E-07	3.60227E-05	0.000145745	5.63423E-05	0	0.000156227	2.10722E-05	0.000137453	3.90908E-05	0.000327266	3.84343E-06	0.000247925	0.000130963	9.71738E-07	
METHGLYUT.PWY._superpathway_of_methylglyoxal_degradation	0	4.49931E-05	4.88095E-05	6.36878E-06	7.74896E-05	0	0	0	2.93816E-05	5.89137E-05	0	6.01098E-05	2.33443E-07	4.75417E-05	2.22479E-05	3.29672E-05	1.16374E-05	0	1.84601E-05	6.38791E-05	4.86451E-05	0	8.78009E-05	8.58046E-06	7.06137E-05	2.21405E-05	0.000126455	0	7.93228E-05	1.81487E-05	0	
PWY.6168._flavin_biosynthesis_III_.fungi.	5.53188E-06	0.000102196	0.000110823	2.39728E-05	0.000152324	3.96287E-06	4.19061E-06	3.50346E-06	0	7.14927E-06	0	0.000164894	0	0.000303242	0	1.59779E-05	3.35559E-05	0	4.5059E-06	0.000117281	0.000186019	0	0	3.84795E-05	0.000228497	0.000111311	6.77974E-05	0	5.73577E-06	0	0	
PWY.5188._tetrapyrrole_biosynthesis_I_.from_glutamate.	4.53461E-07	0.00027787	0.000291473	0.00005589	0.00028699	3.53929E-05	0.000185386	2.60821E-06	0.00029295	0.00031374	7.12674E-06	0.000401266	5.04382E-06	0.000117791	3.69528E-05	0.000428929	3.34988E-05	5.5646E-07	2.58812E-05	0.000159382	6.89349E-05	0	0.000325533	7.39069E-05	0.00044576	0.000135728	0.00027001	5.40467E-06	0.000157925	0.000294063	6.29495E-07	
FAO.PWY._fatty_acid_.beta..oxidation_I_.generic.	7.82533E-07	0.000421199	0.000432231	5.55164E-06	0.00041314	1.36457E-06	0	2.21731E-06	0.000391939	0.000430988	7.78064E-07	0.000547061	9.59811E-07	6.03517E-05	0.000078097	4.51141E-05	1.89874E-05	1.53295E-06	5.93693E-05	0.000191289	7.53463E-05	3.27336E-06	0.000784439	2.58967E-05	0.00033396	9.42753E-05	0.00041648	1.3928E-06	0.000462663	0	2.86774E-06	
HEME.BIOSYNTHESIS.II.1._heme_b_biosynthesis_V_.aerobic.	2.34894E-07	0.000262178	0.000281945	9.73675E-06	0.00023446	0	3.52873E-07	1.26765E-06	0.000294954	0.00029309	7.10308E-06	0.000419595	1.0377E-06	5.68795E-05	3.50722E-05	0.000267641	1.45304E-05	6.60218E-07	2.73666E-05	0.000117297	4.22739E-05	0	0.000284626	1.26931E-05	0.000262504	7.31087E-05	0.000274039	4.06514E-06	0.000180314	8.55342E-05	8.18641E-07	
PWY.5497._purine_nucleobases_degradation_II_.anaerobic.	1.14664E-06	0.000094294	0.000104295	1.50632E-05	0.00013142	0	0	9.08145E-07	2.3594E-06	7.64729E-06	0	4.80673E-05	0	2.43265E-05	2.69616E-06	3.82263E-05	1.60857E-05	0	2.18528E-06	5.13868E-05	1.92941E-05	0	5.96189E-05	5.00074E-06	0.000177234	5.50834E-05	1.46269E-05	0	5.8157E-06	4.71103E-06	0	
PWY.5972._stearate_biosynthesis_I_.animals.	3.17142E-06	0	0	3.56604E-06	3.22047E-07	1.75495E-06	0	1.31761E-06	7.46595E-08	0	1.91921E-06	0	2.00806E-06	8.65714E-06	1.44598E-06	3.13408E-07	2.32856E-06	2.19207E-06	2.71306E-06	1.62493E-06	2.51514E-06	3.3521E-06	7.72049E-07	1.33255E-06	0	9.14065E-07	8.70619E-07	9.84282E-07	1.35413E-06	1.79505E-07	2.63439E-06	
GLUCUROCAT.PWY._superpathway_of_.beta..D.glucuronosides_degradation	3.02562E-06	4.17921E-05	4.62315E-05	4.25949E-06	0.000111496	2.45118E-06	1.03916E-05	1.04907E-06	1.25787E-06	3.06655E-07	0	0.000174722	4.31073E-07	7.38122E-05	2.81316E-05	2.63967E-06	2.95042E-05	2.49884E-07	1.90636E-05	9.09159E-05	5.76656E-05	0	0.000266217	1.58826E-05	0.000137031	5.51155E-05	2.36369E-05	0	6.24647E-06	1.04907E-05	8.1134E-07	
PWY.7858._.5Z..dodecenoate_biosynthesis_II	0	0.00025283	0.000271003	1.28952E-05	0.00020324	0	1.3871E-06	4.33047E-07	0.000205563	0.000249043	7.45575E-06	0.000205949	1.06929E-06	3.65199E-05	4.36878E-05	0.000179079	1.51708E-05	4.01083E-07	3.63187E-05	0.00010089	4.75542E-05	0	0.000322042	9.62277E-06	0.000135083	4.05754E-05	0.000259669	4.30268E-06	0.000208199	0.000164487	8.81724E-07	
PWY.6606._guanosine_nucleotides_degradation_II	2.96408E-06	0.000148629	0.000172918	1.19009E-05	0.000313721	6.87185E-06	2.52133E-05	2.46412E-06	9.08138E-05	8.13196E-05	5.62833E-07	0.00037252	1.00411E-06	6.92667E-05	1.33425E-06	3.84341E-05	2.45154E-05	6.08298E-07	2.45511E-06	0.000150289	0.000076431	0	0.000613529	6.47374E-05	0.000210462	7.42148E-05	1.97008E-05	3.33755E-07	7.56117E-06	4.02752E-05	0	
PWY0.1479._tRNA_processing	0	0.000379581	0.000385706	1.51781E-05	0.000289856	0	0.000002839	1.39893E-06	0.000418689	0.00044594	7.74393E-06	0.000242131	2.08807E-06	9.73949E-05	4.42429E-05	0.000252711	2.89997E-05	1.61229E-06	3.11003E-05	0.000164169	9.54964E-05	0	0.000306067	3.34967E-05	0.000315257	9.53918E-05	0.000398936	6.52865E-06	0.000204294	0.000105608	0	
PWY.5861._superpathway_of_demethylmenaquinol.8_biosynthesis_I	3.08692E-06	0.000307986	0.000327579	2.12675E-05	0.000239186	0	3.69391E-06	1.0448E-06	0.000299248	0.000304379	1.72457E-06	0.00036865	0	8.35034E-05	3.10863E-05	4.98261E-05	2.56337E-05	4.08183E-07	2.88006E-05	0.000122574	9.71513E-05	0	0.000301201	1.28117E-05	0.000191998	7.86997E-05	0.000273117	1.85346E-06	0.000200088	6.07396E-05	0	
P4.PWY._superpathway_of_L.lysine._L.threonine_and_L.methionine_biosynthesis_I	0	0.000344071	0.000359577	1.37462E-05	0.000296357	0	0	1.4952E-06	0.000376549	0.000378016	0	0.000373517	1.3166E-06	5.02302E-05	4.51458E-05	3.38156E-05	2.86279E-05	5.42084E-07	3.71546E-05	0.000167304	9.14982E-05	0	0.000290883	2.45321E-05	0.000212866	6.93763E-05	0.000372534	5.86378E-06	0.00025243	1.94404E-05	0	
PPGPPMET.PWY._ppGpp_metabolism	1.52564E-06	0.000208191	0.000217899	7.29345E-06	0.000150706	3.03809E-05	0.000160281	2.57085E-06	0.00030237	0.000295967	8.67212E-06	0.000177356	2.56983E-06	0.000169322	4.18862E-05	0.00018787	1.31042E-05	1.7591E-07	3.21246E-05	7.52213E-05	3.35083E-05	0	0.000357422	7.57388E-06	8.07216E-05	4.13672E-05	0.000199774	2.2081E-06	0.000194153	7.97251E-05	1.33363E-06	
PRPP.PWY._superpathway_of_histidine._purine._and_pyrimidine_biosynthesis	0	0.000163386	0.000170198	1.17524E-05	0.000191045	0	0	2.52618E-06	0.000198749	0.000189734	1.59227E-06	7.77152E-05	1.80475E-06	9.76893E-05	0.000041082	2.10613E-05	1.34743E-05	0	3.14377E-05	0.000111748	7.75507E-05	0	0.000236182	1.13783E-05	0.000211177	8.87197E-05	0.00022429	3.01934E-06	7.77917E-06	5.47373E-05	0	
ASPASN.PWY._superpathway_of_L.aspartate_and_L.asparagine_biosynthesis	8.16488E-06	0.000562799	0.000584494	4.28761E-05	0.000455169	6.13702E-05	0.000342137	3.92819E-06	0.000517997	0.000550475	8.55652E-06	0.000572859	5.25155E-06	0.000220503	5.69991E-05	0.000356549	9.04646E-05	1.9857E-06	3.69838E-05	0.000215059	0.000320744	0	0.000637041	3.51101E-05	0.00036591	0.000157425	0.00053104	1.27739E-05	0.000306807	0.000348418	2.40264E-06	
POLYAMSYN.PWY._superpathway_of_polyamine_biosynthesis_I	5.46423E-07	0.0002921	0.000319799	1.48936E-05	0.000276232	2.9362E-06	1.82004E-05	6.51169E-07	0.000310314	0.000304998	0	0.000383914	1.50833E-06	4.34553E-05	4.28651E-06	2.83888E-05	2.62745E-05	9.09465E-07	1.38976E-05	0.000130413	5.62396E-05	0	0.00010792	4.38439E-05	0.000278707	7.69052E-05	0.000303035	1.24402E-06	2.49245E-06	4.39027E-07	0	
PWY.6284._superpathway_of_unsaturated_fatty_acids_biosynthesis_.E._coli.	0	9.02451E-05	0.000117177	1.11256E-05	0.000184304	0	2.35588E-06	1.75118E-06	3.64951E-05	8.96654E-06	0	0.000222691	0	3.57022E-05	5.60801E-05	7.08052E-05	2.61843E-05	5.68237E-07	4.19206E-05	0.000126222	7.00239E-05	0	4.28756E-05	1.21644E-05	0.000158716	4.93718E-05	1.01115E-05	7.32253E-06	1.14483E-05	0.000186284	9.23415E-07	
ANAEROFRUCAT.PWY._homolactic_fermentation	1.04145E-05	0.000348061	0.000358305	5.95137E-05	0.000303572	4.97002E-05	0.000211531	4.95367E-06	0.000330318	0.00036173	2.43555E-06	0.000418745	6.74941E-06	0.000232298	4.18675E-05	0.000367417	6.34088E-05	1.85894E-06	3.01543E-05	0.000172286	0.00021837	0	0.000290245	6.25243E-05	0.000286633	0.000138834	0.00035692	1.18287E-05	0.000157479	0.000471356	3.24298E-06	
PWY.6901._superpathway_of_glucose_and_xylose_degradation	8.42475E-06	0.000462391	0.00048314	3.51694E-05	0.000343305	1.74731E-05	6.16652E-05	3.45997E-06	0.000416409	0.000440512	1.63531E-06	0.000489787	3.60351E-06	0.000204047	4.27714E-05	5.58616E-05	5.99799E-05	1.82969E-06	3.12052E-05	0.000195267	0.000235084	0	0.000365592	5.15902E-05	0.000272294	0.000126457	0.000440727	8.47942E-06	4.13657E-05	4.33571E-05	2.16922E-06	
PWY0.1586._peptidoglycan_maturation_.meso.diaminopimelate_containing.	9.59601E-06	0.00127181	0.00134938	9.26212E-05	0.00108439	9.93821E-05	0.000546489	7.03844E-06	0.00122254	0.00121928	2.05316E-05	0.00154656	1.19802E-05	0.000433306	0.000169139	0.000856439	0.000142422	2.99472E-06	0.000106098	0.00060918	0.000374384	0	0.00131718	0.000145687	0.000872969	0.000295319	0.00120106	2.40415E-05	0.000655646	0.00103347	2.21391E-06	
NONOXIPENT.PWY._pentose_phosphate_pathway_.non.oxidative_branch._I	7.71322E-06	0.00123258	0.00126264	4.26853E-05	0.000694818	6.80623E-05	0.000368351	5.72561E-06	0.00120759	0.00125483	0.000010053	0.00101745	5.73542E-06	0.000553604	6.26907E-05	0.000369845	7.65526E-05	2.54019E-06	5.06812E-05	0.000397748	0.000389312	0	0.000658171	0.000245478	0.000567896	0.000220606	0.00103329	1.22013E-05	0.00016887	0.000417692	2.51912E-06	
PANTO.PWY._phosphopantothenate_biosynthesis_I	1.69421E-05	0.000310275	0.000315483	3.10947E-05	0.000268403	7.14006E-05	0.00039732	3.85394E-06	0.000321315	0.000303226	0	0.000345362	5.1037E-06	0.000472773	3.76996E-05	6.64516E-05	9.82507E-05	1.13439E-06	3.55105E-05	0.000187597	0.0003175	0	0.000370439	6.67019E-05	0.000231203	0.000136575	0.000340253	2.73107E-06	0.000189857	0.000131211	6.92479E-07	
P221.PWY._octane_oxidation	0	0.000213037	0.000229811	2.20742E-06	0.000128099	0	4.75795E-07	2.71686E-08	0.00022265	0.000239175	0	9.09692E-06	4.09016E-07	3.62532E-06	2.0997E-06	2.79664E-05	1.74865E-06	0	2.51532E-08	0.000035003	1.81463E-05	0	0.00029976	6.65411E-06	0.000013033	6.05443E-06	0.000229585	0	7.88955E-08	1.73017E-05	0	
PWY.5154._L.arginine_biosynthesis_III_.via_N.acetyl.L.citrulline.	1.13836E-05	0.000401104	0.000405737	1.68392E-05	0.000344853	3.36731E-06	1.72503E-05	1.88726E-06	0.000475087	0.000465079	4.69587E-07	0.000493173	2.81715E-06	0.00013236	3.80144E-05	0.000080044	8.07433E-05	7.70269E-07	0.000029516	0.000220713	0.000185901	0	0.000462547	6.39252E-05	0.000287458	0.000114818	0.000372704	8.11662E-06	0.000213125	0.000244076	1.28416E-06	
PWY.7220._adenosine_deoxyribonucleotides_de_novo_biosynthesis_II	1.43205E-05	0.000297558	0.000298458	9.40216E-05	0.000236371	2.94058E-05	0.000157665	4.40734E-06	0.000285846	0.000291125	1.06986E-05	0.000258597	7.27595E-06	0.000213215	6.18656E-05	0.000591184	5.85763E-05	3.4553E-06	0.000039303	0.000183801	0.000378944	1.90575E-06	0.000330292	7.79378E-05	0.000149135	0.000112788	0.000337146	1.21338E-05	0.000273007	0.000543483	2.80344E-06	
PWY.7222._guanosine_deoxyribonucleotides_de_novo_biosynthesis_II	1.43205E-05	0.000297558	0.000298458	9.40216E-05	0.000236371	2.94058E-05	0.000157665	4.40734E-06	0.000285846	0.000291125	1.06986E-05	0.000258597	7.27595E-06	0.000213215	6.18656E-05	0.000591184	5.85763E-05	3.4553E-06	0.000039303	0.000183801	0.000378944	1.90575E-06	0.000330292	7.79378E-05	0.000149135	0.000112788	0.000337146	1.21338E-05	0.000273007	0.000543483	2.80344E-06	
P108.PWY._pyruvate_fermentation_to_propanoate_I	0	0.000167161	0.000172313	3.22271E-06	3.04411E-05	7.30267E-06	0.000031378	9.03209E-07	0.000265827	0.000248232	0	0	8.42507E-07	4.33797E-05	1.35266E-06	3.5843E-06	8.15337E-06	2.3808E-07	2.40141E-06	6.65609E-05	4.79254E-05	0	0.000128263	0	5.18082E-05	0.000038242	0.000227516	0	5.3465E-06	2.19322E-06	1.17302E-06	
PWY.8131._5..deoxyadenosine_degradation_II	0	0.000257379	0.000260059	1.07282E-06	0.000123424	1.44159E-06	8.58827E-06	0	0.00021846	0.000221632	0	0	0	1.38061E-05	1.0252E-06	5.1448E-07	2.76816E-06	0	1.26154E-05	3.90495E-05	2.47244E-05	0	9.55055E-05	0	4.96236E-05	1.95881E-05	0.000264112	0	0.000158579	8.28962E-06	0	
KETOGLUCONMET.PWY._ketogluconate_metabolism	1.04746E-07	7.32408E-05	7.53501E-05	2.23462E-06	0.00018649	2.56976E-06	9.89746E-06	6.51174E-07	9.83957E-05	7.78106E-05	0	9.95252E-05	5.27166E-07	9.6858E-06	7.15871E-06	1.18602E-06	5.6338E-06	2.94308E-07	2.46901E-05	0.00006445	2.25218E-05	0	0.000420552	6.6724E-06	0.000141951	3.67392E-05	7.00511E-05	0	0	8.36554E-06	0	
PWY.7345._superpathway_of_anaerobic_sucrose_degradation	5.61531E-06	0.00038734	0.000407399	5.76761E-05	0.000342949	1.41177E-05	6.23534E-05	3.04646E-06	0.000351512	0.000372833	0	0.000464133	5.49555E-06	0.000157719	1.48004E-05	0.000390014	5.82957E-05	1.82834E-06	2.97736E-05	0.00019725	0.00017486	0	0.000325668	4.94088E-05	0.000292046	0.000119571	0.000396568	0.000011023	5.88047E-05	0.000436786	0	
PWY.5837._2.carboxy.1.4.naphthoquinol_biosynthesis	1.56605E-06	0.000294104	0.000313906	4.41919E-05	0.000217255	0	1.64469E-06	1.52747E-06	0.000268345	0.000280075	6.16062E-06	0.000312158	7.82445E-07	4.46979E-05	2.95794E-05	0.000261265	1.37227E-05	6.97139E-07	2.59232E-05	0.000117629	7.28104E-05	0	0.000261887	1.05745E-05	0.000173111	0.000059167	0.000280206	2.87323E-06	0.000229139	0.000234136	0	
PWY.4041._.gamma..glutamyl_cycle	1.28896E-06	0.000330589	0.00035443	3.17307E-05	0.000286828	1.69216E-05	9.74227E-05	2.72118E-06	0.000428086	0.000354919	8.35352E-06	0.000621666	5.41614E-06	0.000132044	5.43122E-05	0.000372328	3.20269E-05	8.70663E-07	0.000039396	0.000177637	0.00015976	0	0.000135105	0.000048109	0.000211467	0.00010856	0.000446088	1.58794E-05	0.000303513	0.000498479	8.14404E-07	
CALVIN.PWY._Calvin.Benson.Bassham_cycle	1.22984E-05	0.000636116	0.000664355	5.18406E-05	0.000440266	9.25488E-05	0.00051381	7.45079E-06	0.000732837	0.000749829	1.06562E-05	0.000637543	7.1758E-06	0.000563472	6.80387E-05	0.000429587	0.00011049	3.14818E-06	4.61699E-05	0.000316726	0.000332362	0	0.000413565	0.000103549	0.000452059	0.000197341	0.00069826	9.82783E-06	0.000222402	0.000404144	4.80779E-06	
DARABCATK12.PWY._D.arabinose_degradation_I	0	3.92695E-05	5.61187E-05	4.76016E-07	5.55447E-05	0	0	3.48858E-07	6.54529E-06	3.81377E-06	0	4.34666E-05	0	7.90871E-06	2.17566E-05	9.90621E-07	3.14605E-06	8.10339E-08	2.01711E-05	2.94911E-05	1.18258E-05	0	2.84888E-06	4.34825E-06	3.82592E-05	1.13891E-05	2.74298E-05	0	2.06675E-07	4.73693E-06	0	
KDO.NAGLIPASYN.PWY._superpathway_of_.Kdo.2.lipid_A_biosynthesis	0	2.29025E-05	2.56576E-05	2.74833E-06	7.18495E-05	0	0	4.8613E-07	0	3.50086E-07	0	6.87762E-05	0	5.61838E-06	3.27653E-05	4.97446E-07	3.29993E-06	0	1.45988E-05	4.50315E-05	0.000016603	0	0	3.78566E-06	5.84429E-05	1.71041E-05	3.42449E-06	0	0	0	0	
PWY.621._sucrose_degradation_III_.sucrose_invertase.	4.35431E-06	0.000420915	0.000424856	3.29785E-05	0.00031244	4.65734E-06	2.84888E-05	1.20397E-06	0.000541247	0.000500593	9.77736E-07	0.000444582	4.57447E-06	7.83492E-05	3.51979E-06	0.000218261	3.71873E-05	6.16117E-07	1.94847E-05	0.00010979	0.000136135	0	0.000254479	5.92382E-05	0.00018371	8.07098E-05	0.000524427	1.06648E-05	0.000168896	0.000288034	0	
PWY.7111._pyruvate_fermentation_to_isobutanol_.engineered.	3.38233E-06	0.000526702	0.000547807	0.00010297	0.000577444	1.65369E-05	0.000079599	2.87326E-06	0.000521122	0.00052757	6.48899E-06	0.000806542	3.73525E-06	0.000191548	5.40322E-05	0.000693564	0.000100772	2.32298E-06	0.000042481	0.000337906	0.000194507	0	0.000424984	6.53996E-05	0.000566162	0.000191138	0.000489128	0.0000262	0.000452207	0.000805229	1.73238E-06	
PWY0.1296._purine_ribonucleosides_degradation	5.1649E-06	0.000312386	0.000323576	6.32612E-05	0.000282273	1.62602E-05	7.27473E-05	1.8512E-06	0.000350482	0.000323907	1.25899E-06	0.000558919	5.69715E-06	0.000185146	0.000084061	0.000570244	7.79778E-05	1.55071E-06	0.00003857	0.000185885	0.000172505	3.43923E-06	0.000614157	0.000152936	0.000433637	0.000162069	0.000325344	2.03469E-05	0.00037996	0.000718676	2.97892E-06	
PWY.6572._chondroitin_sulfate_degradation_I_.bacterial.	0	0	0	2.55819E-06	0	3.0951E-07	1.15401E-06	2.68528E-07	0	0	0	0	0	1.79951E-05	0	0	3.49439E-06	0	0	1.03588E-06	3.20101E-05	0	0	0	5.77437E-07	2.75149E-07	4.40961E-06	0	0	0	0	
PWY.7094._fatty_acid_salvage	0	0.000013601	1.50523E-05	6.38992E-07	4.79669E-05	0	0	9.09549E-07	0	5.03175E-07	0	0.000210786	5.72784E-07	2.92157E-05	3.50607E-05	6.12761E-07	6.47768E-06	1.52461E-07	2.84798E-05	3.66644E-05	1.53322E-05	0	0.000110938	4.13139E-06	9.09968E-05	2.70466E-05	2.00838E-05	0	0	0	0	
PWY.6351._D.myo.inositol_.1.4.5..trisphosphate_biosynthesis	4.77332E-07	0	0	5.40334E-07	0	0	0	0	0	0	0	0	3.33744E-07	0	1.47124E-07	0	0	0	2.3422E-07	1.34393E-07	0	1.55526E-06	0	0	0	2.04209E-07	0	3.97911E-07	0	0	0	
PWY1ZNC.1._assimilatory_sulfate_reduction_IV	0	0.000280493	0.000307288	6.36341E-06	0.000240029	1.58109E-06	8.45473E-06	8.79633E-07	0.000398797	0.000396387	5.812E-07	0.000285126	1.57892E-06	2.57634E-05	0.000036526	2.98382E-05	0.000012177	0	2.78278E-05	0.000103093	5.86755E-05	0	0.000332117	1.24055E-05	0.000110791	4.10057E-05	0.000334896	6.91663E-07	1.18539E-06	2.38332E-06	0	
PWY4FS.8._phosphatidylglycerol_biosynthesis_II_.non.plastidic.	3.49542E-06	0.000373695	0.00041076	4.96316E-05	0.000346629	4.36368E-05	0.000214892	3.31068E-06	0.000362644	0.000330833	1.03913E-05	0.000404186	3.22809E-06	0.000150392	4.11924E-05	0.000526341	5.63657E-05	1.76986E-06	2.90436E-05	0.00017756	0.000124245	0	0.000384966	6.62745E-05	0.000354869	0.00012116	0.000333746	1.35075E-05	0.000199318	0.000391428	2.36431E-06	
PWY4FS.7._phosphatidylglycerol_biosynthesis_I_.plastidic.	3.49542E-06	0.000373695	0.00041076	4.96316E-05	0.000346629	4.36368E-05	0.000214892	3.31068E-06	0.000362821	0.000330837	1.03913E-05	0.000404186	3.22809E-06	0.000150392	4.12091E-05	0.0005286	5.63657E-05	1.76986E-06	2.90436E-05	0.000177575	0.000124245	0	0.000384966	6.62745E-05	0.000354869	0.00012116	0.000333746	1.36357E-05	0.000199318	0.000410551	2.36431E-06	
PWY.7560._methylerythritol_phosphate_pathway_II	7.00833E-06	0.000317971	0.000333978	4.89123E-05	0.00026914	4.27013E-05	0.000228058	4.71964E-06	0.00030218	0.000310142	3.56421E-06	0.000355874	6.21565E-06	0.000361352	3.91546E-05	0.000327881	7.78345E-05	1.64132E-06	2.84066E-05	0.000174045	0.000301971	0	0.000357142	7.61109E-05	0.000307196	0.000156734	0.000328226	5.80101E-06	0.00016855	0.000294477	0	
NAGLIPASYN.PWY._lipid_IVA_biosynthesis_.E._coli.	4.16167E-06	0.000290799	0.000320448	1.58155E-05	0.000248741	4.62353E-05	0.000249476	3.33488E-06	0.0003218	0.000315615	7.26216E-06	0.000346666	1.76352E-06	9.65449E-05	0.000039021	0.000211017	3.53284E-05	5.96419E-07	2.44662E-05	0.000140505	0.000102271	0	0.000289739	1.26834E-05	0.000202498	7.83853E-05	0.000313664	2.41632E-06	0.00017094	9.01772E-05	5.41212E-07	
PWY.8073._lipid_IVA_biosynthesis_.P._putida.	4.16167E-06	0.000290799	0.000320448	1.58155E-05	0.000248741	4.62353E-05	0.000249476	3.33488E-06	0.0003218	0.000315615	7.26216E-06	0.000346666	1.76352E-06	9.65449E-05	0.000039021	0.000211017	3.53284E-05	5.96419E-07	2.44662E-05	0.000140505	0.000102271	0	0.000289739	1.26834E-05	0.000202498	7.83853E-05	0.000313664	2.41632E-06	0.00017094	9.01772E-05	5.41212E-07	
MET.SAM.PWY._superpathway_of_S.adenosyl.L.methionine_biosynthesis	0	0.000410568	0.000425167	1.60478E-05	0.000327001	0	0	1.96593E-06	0.000476413	0.000474381	1.25563E-06	0.000513591	1.34171E-06	5.11531E-05	5.36431E-05	0.000151401	2.76996E-05	3.48687E-07	4.01956E-05	0.000192054	9.47848E-05	0	0.000233733	3.34728E-05	0.000219496	6.54617E-05	0.000401977	5.06318E-06	0.000294678	0.000177072	1.28098E-06	
PHOSLIPSYN.PWY._superpathway_of_phospholipid_biosynthesis_I_.bacteria.	6.06784E-06	0.000387059	0.000421419	4.46037E-05	0.000367449	5.52204E-05	0.000276349	3.88061E-06	0.000420366	0.000369358	1.07636E-05	0.000416866	4.52949E-06	0.000243072	4.43262E-05	0.000343398	7.70012E-05	2.27477E-06	3.26111E-05	0.000209857	0.000198954	0	0.000402625	8.32204E-05	0.00038416	0.000157465	0.000355935	8.73294E-06	0.000216365	0.000372061	1.37422E-06	
METSYN.PWY._superpathway_of_L.homoserine_and_L.methionine_biosynthesis	0	0.000416454	0.000431051	1.51197E-05	0.000332111	0	0	1.8295E-06	0.000482639	0.000484356	1.12905E-06	0.000562535	1.20696E-06	4.60112E-05	5.66879E-05	0.000140425	0.000025723	3.13379E-07	4.23449E-05	0.000191485	8.72193E-05	0	0.000231668	3.17063E-05	0.000201778	6.00284E-05	0.000410539	5.9153E-06	0.000337318	0.00019767	1.35976E-06	
CARNMET.PWY._L.carnitine_degradation_I	0	4.85229E-06	5.84927E-06	0	2.35069E-05	0	0	4.81669E-07	0	8.81051E-08	0	1.78539E-05	0	6.72291E-06	3.27137E-05	1.28677E-07	7.27669E-07	0	1.28441E-05	2.19549E-05	8.03747E-06	0	0	0	2.80175E-05	7.95656E-06	9.41235E-07	0	0	0	0	
SALVADEHYPOX.PWY._adenosine_nucleotides_degradation_II	3.3302E-06	0.000145244	0.000163932	1.41562E-05	0.000351873	0	0	3.42131E-06	2.93097E-06	9.41113E-06	5.35494E-07	0.000714729	1.77468E-06	0.000105138	2.11037E-06	7.71466E-05	5.87871E-05	2.33595E-06	3.49223E-06	0.000214436	0.000111056	0	0.000610156	9.45198E-05	0.000351849	0.000106811	1.78733E-05	4.69416E-07	9.38353E-06	2.10672E-06	0	
PWY.801._homocysteine_and_cysteine_interconversion	0	5.56546E-05	5.42816E-05	1.61197E-06	9.71757E-05	0	0	9.57955E-08	0.000148333	9.85408E-05	0	0	0	1.29331E-05	0	4.41099E-07	5.52237E-06	0	5.1477E-07	3.21334E-05	1.95393E-05	0	4.04864E-06	1.33786E-05	2.21787E-05	5.53775E-06	4.58146E-05	0	2.03614E-06	3.63276E-06	0	
PWY0.461._L.lysine_degradation_I	0	7.71152E-06	8.11814E-06	3.22297E-07	2.58485E-05	0	0	4.99455E-07	0	2.54899E-07	0	2.32433E-05	0	2.18115E-05	4.08568E-06	2.64856E-07	2.4619E-06	0	0.000012541	0.000019969	8.48899E-06	0	0	1.47123E-06	3.40665E-05	9.27511E-06	1.62915E-06	0	0	0	0	
PWY0.1261._anhydromuropeptides_recycling_I	1.32626E-06	0.000295357	0.000309688	1.51227E-05	0.000267063	1.6326E-06	7.75088E-06	1.59579E-06	0.000241394	0.000264073	6.87314E-06	0.000298911	1.4325E-06	0.00012771	4.47041E-05	0.000234095	3.24986E-05	5.85685E-07	3.69684E-05	0.000133021	7.55427E-05	0	0.000295403	7.55612E-05	0.000177556	5.92507E-05	0.00031741	4.35604E-06	0.000269833	0.000119065	0	
PWY.5347._superpathway_of_L.methionine_biosynthesis_.transsulfuration.	0	0.000447078	0.000463222	1.64659E-05	0.000354287	0	0	1.96083E-06	0.000510163	0.000516302	1.26611E-06	0.00056112	0.00000132	0.000050917	5.66592E-05	0.000154884	0.000028385	3.48501E-07	4.30849E-05	0.000197706	9.63687E-05	0	0.000258675	2.97669E-05	0.000212828	6.50487E-05	0.00044394	6.50438E-06	0.00033284	0.000214396	1.47636E-06	
PWY.5484._glycolysis_II_.from_fructose_6.phosphate.	1.18764E-05	0.000374562	0.0003956	6.31588E-05	0.000324729	6.38023E-05	0.000345464	5.13976E-06	0.000329186	0.000357098	1.04106E-05	0.000459637	6.54482E-06	0.000237235	5.45157E-05	0.000421538	6.84794E-05	2.25766E-06	3.28533E-05	0.000212423	0.000291025	0	0.000311295	5.36588E-05	0.000320258	0.000144845	0.000360056	1.06912E-05	0.000207383	0.000466241	3.27365E-06	
PWY.6368._3.phosphoinositide_degradation	3.81305E-07	0	0	0	0	3.6041E-07	0	0	0	0	4.77699E-07	0	2.34867E-07	0	1.11424E-07	0	0	1.98691E-07	1.23138E-07	4.4807E-08	0	2.02124E-06	0	2.21497E-07	0	1.17632E-07	0	0	0	0	1.33775E-06	
PWY0.1241._ADP.L.glycero..beta..D.manno.heptose_biosynthesis	7.85804E-07	0.000195056	0.000200369	3.97942E-05	0.000166103	2.02036E-06	1.16563E-05	7.03084E-07	0.000229253	0.00021264	6.13705E-06	0.000201915	2.12621E-07	3.06475E-05	3.41852E-05	0.000241274	1.32437E-05	2.7795E-07	2.66472E-05	8.93677E-05	3.14925E-05	0	0.000267684	7.54841E-06	0.000153173	3.44505E-05	0.000203229	2.91296E-06	0.000180504	0.000205222	2.76255E-07	
PENTOSE.P.PWY._pentose_phosphate_pathway	8.04872E-06	0.000620155	0.000665391	3.79268E-05	0.000410507	0.000039267	0.000208251	3.79071E-06	0.00051505	0.000542233	9.77917E-06	0.000586509	4.24053E-06	0.000246354	3.79692E-05	0.00028519	5.75424E-05	1.56514E-06	0.000033083	0.000225836	0.000275454	0	0.000420473	4.33851E-05	0.000262672	0.00012576	0.000569199	1.27914E-05	0.000184011	0.000384828	1.80386E-06	
GLUCONEO.PWY._gluconeogenesis_I	9.97472E-06	0.000366414	0.000382566	4.20161E-05	0.000307998	5.46565E-05	0.000305152	4.9402E-06	0.000371337	0.000383263	9.64066E-06	0.000416994	5.03019E-06	0.000286258	5.20465E-05	0.000348451	7.42564E-05	1.55413E-06	3.22603E-05	0.000191766	0.000261945	0	0.000337068	0.00003491	0.000264049	0.000130141	0.000365323	8.80538E-06	0.000208695	0.000293753	3.0911E-06	
DAPLYSINESYN.PWY._L.lysine_biosynthesis_I	4.7865E-06	0.000355134	0.000369688	1.94749E-05	0.000322403	1.26645E-05	5.90037E-05	2.27756E-06	0.000388725	0.000388639	8.05976E-06	0.000409597	2.06947E-06	0.000109952	4.26488E-05	0.000266165	4.67095E-05	9.81996E-07	3.70947E-05	0.000184917	0.000106761	0	0.000363639	3.61496E-05	0.000284797	0.000104861	0.000403008	9.01177E-06	0.000257203	0.000198974	7.87642E-07	
PWY.5656._mannosylglycerate_biosynthesis_I	0	3.43621E-05	3.72549E-05	8.14288E-07	8.75374E-05	0	0	8.30011E-08	0	2.66364E-07	0	0.000189832	0	2.37497E-05	0	1.41839E-06	9.54339E-06	4.6679E-07	1.81381E-07	3.42992E-05	1.13605E-05	0	3.25621E-06	1.06063E-05	5.92836E-05	1.69768E-05	0	0	2.00635E-07	0	0	
RHAMCAT.PWY._L.rhamnose_degradation_I	1.03106E-05	0.000344674	0.000349137	1.36129E-05	0.000363335	1.38656E-06	6.50219E-06	1.36965E-06	0.000416225	0.000428462	0	0.000380214	8.40825E-07	0.000113851	0.000039225	1.11059E-05	4.77565E-05	8.66383E-07	3.51654E-05	0.000179315	0.000112836	0	0.0003115	3.75795E-05	0.000212166	0.000087363	0.000449166	0	3.69812E-07	8.94485E-06	7.83973E-07	
PWY.5345._superpathway_of_L.methionine_biosynthesis_.by_sulfhydrylation.	0	1.19936E-05	2.03171E-06	2.29714E-05	0.000123951	3.56072E-06	1.33526E-05	2.37434E-06	0.00010188	1.34186E-05	1.51505E-06	0	2.61849E-06	0.00012445	1.71228E-05	0.000147426	5.47284E-05	0	1.63057E-05	0.00015029	0.000225323	0	6.38328E-07	1.82267E-05	0.00018648	0.00010946	8.82427E-05	3.44897E-06	1.42383E-05	9.07738E-05	0	
PWY.6936._seleno.amino_acid_biosynthesis_.plants.	6.81191E-07	0.000416504	0.000407851	9.85469E-05	0.000440921	0.000015434	7.58859E-05	2.84348E-06	0.000482257	0.000469796	1.09298E-05	0.000533238	0.000004394	0.000158558	4.58281E-05	0.000741651	5.20173E-05	7.43129E-07	3.78949E-05	0.000255474	0.000206086	0	0.000317644	7.65987E-05	0.000415897	0.000158622	0.000416866	2.12996E-05	0.000349547	0.000724491	9.95737E-07	
AST.PWY._L.arginine_degradation_II_.AST_pathway.	0	0.000388595	0.000412504	1.52885E-06	0.000209297	0	0	4.23523E-07	0.00035068	0.000387913	0	0.000228599	2.70355E-07	2.62248E-05	2.57536E-05	1.06573E-06	6.15041E-06	0	1.71773E-05	7.88392E-05	3.89313E-05	0	9.16444E-05	8.30523E-06	9.33215E-05	2.26664E-05	0.000399629	0	8.80116E-07	0	4.17076E-07	
FUC.RHAMCAT.PWY._superpathway_of_fucose_and_rhamnose_degradation	7.93509E-07	0.00031463	0.000327674	7.97868E-06	0.000271456	0	0	1.08122E-06	0.00036235	0.000372002	0	0.000332964	6.02094E-07	7.27595E-05	3.63769E-05	0.000018028	2.78512E-05	6.32939E-07	2.66532E-05	0.000142508	7.42589E-05	0	0.000316899	1.78335E-05	0.000167262	6.10461E-05	0.000354192	0	3.18085E-07	0.000011955	0	
GLYCOLYSIS._glycolysis_I_.from_glucose_6.phosphate.	1.20715E-05	0.000416074	0.000439992	6.68075E-05	0.000352672	6.64028E-05	0.000361146	5.44749E-06	0.000372409	0.0004099	9.96469E-06	0.000492186	6.92682E-06	0.000247322	5.74887E-05	0.000439947	7.02978E-05	1.79554E-06	3.28303E-05	0.000228708	0.000296215	0	0.000315267	0.000062322	0.000354383	0.000150149	0.000410266	1.31634E-05	0.000229862	0.000561071	3.22221E-06	
PWY0.781._aspartate_superpathway	0	0.000178713	0.000195609	1.41483E-05	0.000254565	0	0	1.55381E-06	5.16794E-05	1.99517E-05	0	0.000360037	1.37669E-06	5.25244E-05	8.83692E-06	0.000035593	2.94836E-05	0	2.15989E-05	0.000151812	9.45097E-05	0	0.00025741	2.53096E-05	0.000211993	7.18168E-05	0.000170959	4.56585E-06	4.94965E-05	2.03566E-05	0	
PWY.5862._superpathway_of_demethylmenaquinol.9_biosynthesis	2.72975E-06	0.000283742	0.000298564	0	0.000203422	0	3.17776E-06	0	0.000248625	0.000274469	0	0.000185962	1.24694E-06	0.000072981	3.10863E-05	1.31272E-05	1.49361E-05	0	2.69876E-05	8.47431E-05	0.000119871	0	0.0002983	1.28117E-05	0.000124606	0.000068278	0.000256954	0	4.74618E-06	0	0	
P42.PWY._incomplete_reductive_TCA_cycle	1.6079E-06	6.57657E-06	1.06036E-06	1.04391E-05	6.56027E-05	3.39242E-05	0.000164327	1.94122E-06	3.54955E-05	3.06216E-06	0	0	1.46829E-06	0.000147819	7.36382E-06	0.000175786	5.9975E-06	2.60873E-07	5.78286E-06	5.63371E-05	2.18371E-05	0	0	4.06952E-06	0.000106315	4.39006E-05	1.1619E-06	1.58662E-06	5.04933E-06	8.30666E-05	1.00594E-06	
PWY66.409._superpathway_of_purine_nucleotide_salvage	2.68561E-06	0.00026273	0.000267909	0.000050812	0.000211317	3.14742E-05	0.000148872	1.47025E-06	0.000224526	0.000235173	2.05481E-06	0.000274891	1.96655E-06	9.01855E-05	4.24793E-05	0.000478648	4.26878E-05	9.36297E-07	3.39994E-05	0.000133667	0.000149967	0	0.000340902	8.30923E-05	0.00018213	7.09383E-05	0.000277054	1.68134E-05	0.000252681	0.000521962	0	
PWY0.881._superpathway_of_fatty_acid_biosynthesis_I_.E._coli.	0	0	0	0	0	0	0	5.80587E-07	0	0	1.1132E-06	0	8.3311E-07	0	8.00195E-07	0	1.20061E-06	4.06351E-07	8.51963E-07	9.65156E-07	0	0	0	1.07977E-06	0	1.31492E-06	0	1.98977E-06	0	0	0	
PWY.5845._superpathway_of_menaquinol.9_biosynthesis	3.84281E-06	0.000269117	0.000280152	0	0.000225341	0	4.75368E-06	0	0.000256126	0.000277894	0	0.000229462	1.69875E-06	0.000102232	3.35715E-05	1.91079E-05	2.07994E-05	0	2.80134E-05	0.000102396	0.000147298	0	0.000292219	1.69207E-05	0.000155248	8.23274E-05	0.000263714	0	7.01507E-06	0	0	
PWY.7388._octanoyl..acyl.carrier_protein._biosynthesis_.mitochondria._yeast.	0	0.000245692	0.00024798	3.72905E-06	0.000164895	1.92485E-06	3.81445E-06	0	0.00039139	0.000388088	0	3.60855E-05	0	0	0	4.74826E-06	2.99234E-06	5.92526E-07	0	0.000102106	4.23595E-05	0	2.62063E-05	1.08549E-05	2.38393E-05	5.63284E-06	0.000251367	0	7.86652E-07	0	0	
PWY.8178._pentose_phosphate_pathway_.non.oxidative_branch._II	8.82406E-06	0.000738326	0.000777411	4.34713E-05	0.000660707	7.56876E-05	0.000409296	6.05038E-06	0.000741397	0.000698747	1.02669E-05	0.000678538	5.68265E-06	0.000510132	0.00007113	0.000407504	8.58756E-05	2.3627E-06	5.13784E-05	0.000364067	0.000370329	0	0.000494542	0.000120951	0.000538931	0.000215803	0.000681306	1.35205E-05	0.000174259	0.000462408	8.34036E-07	
PWY.6285._superpathway_of_fatty_acids_biosynthesis_.E._coli.	0	0.000146238	0.000181819	0.000017565	0.000238725	0	4.37054E-06	1.67959E-06	6.55532E-05	1.75029E-05	0	0.000252685	0	6.22179E-05	5.77462E-05	0.000117686	3.99262E-05	6.11517E-07	4.70075E-05	0.000152436	0.000104432	0	7.80658E-05	1.39452E-05	0.000211315	7.31547E-05	1.97403E-05	8.60239E-06	2.22051E-05	0.000268276	0	
ARGSYN.PWY._L.arginine_biosynthesis_I_.via_L.ornithine.	1.25202E-05	0.000397074	0.000410709	5.81772E-05	0.000311185	1.88375E-05	9.65197E-05	2.26953E-06	0.000525516	0.000484385	1.38824E-06	0.000512126	3.93858E-06	0.000171615	4.60282E-05	0.000454856	8.48792E-05	6.79441E-07	3.73671E-05	0.000210554	0.000159896	0	0.000430495	8.54166E-05	0.000310065	0.000128708	0.000372069	1.06402E-05	0.000236161	0.000474924	1.44121E-06	
PWY.7805._.aminomethyl.phosphonate_degradation	0	1.91339E-05	2.28396E-05	0	0.00005086	0	0	0	0	3.72797E-07	0	7.92654E-05	0	0.000016543	0	4.31064E-07	1.6815E-06	0	0	2.65874E-05	5.25939E-06	0	0	1.3524E-06	4.85475E-05	1.52253E-05	1.38253E-06	0	0	0	0	
ARGSYNBSUB.PWY._L.arginine_biosynthesis_II_.acetyl_cycle.	8.51649E-06	0.000398169	0.000413992	4.69771E-05	0.000320106	1.93534E-05	9.66592E-05	2.16401E-06	0.00049157	0.000461966	1.54832E-06	0.000532315	3.78345E-06	0.000171064	4.60128E-05	0.000440873	8.28408E-05	4.8618E-07	0.000033346	0.00021752	0.000148219	0	0.000425859	8.86198E-05	0.000344911	0.000137934	0.000385772	9.7639E-06	0.000240237	0.000437452	1.54012E-06	
UDPNAGSYN.PWY._UDP.N.acetyl.D.glucosamine_biosynthesis_I	1.9998E-06	0.000358344	0.000362968	8.37798E-05	0.000368863	3.37052E-05	0.000196477	2.55789E-06	0.000434921	0.000420443	7.92442E-06	0.000514741	5.88782E-06	0.000179254	4.72654E-05	0.000609447	4.91531E-05	9.52012E-07	3.57115E-05	0.000252053	0.000122142	0	0.000335215	0.000127074	0.000487076	0.000166198	0.000327444	1.78486E-05	0.000265434	0.000640487	3.82841E-07	
PWY0.162._superpathway_of_pyrimidine_ribonucleotides_de_novo_biosynthesis	1.21343E-05	0.000329524	0.000339453	3.00298E-05	0.000231835	3.15594E-05	0.000150808	3.53255E-06	0.000270043	0.00028062	1.26717E-06	0.000293322	3.07072E-06	0.000238159	3.95838E-05	0.000374456	7.34631E-05	1.08965E-06	2.87957E-05	0.000157048	0.00025881	0	0.000310451	2.93231E-05	0.000194485	0.000112001	0.000314593	1.18397E-05	0.000208342	0.000242414	6.55022E-07	
PWY.7840._gala.series_glycosphingolipids_biosynthesis	9.98207E-07	0	0	4.45388E-07	0	6.83128E-07	0	4.22456E-07	0	0	6.63182E-07	0	5.44939E-07	0	2.66105E-07	0	0	7.13084E-07	4.1315E-07	0	0	5.42191E-06	0	3.94847E-07	0	0	0	0	0	0	1.75177E-06	