	SF1	SF2	SF3	SF4	SF6	SF7	SF8	SF11	SF12	SF13	SF14	SF17	SF18	SF19	SF20	SF22	SF23	SF24	SF25	SF34	SF35	SF36	SF37
PWY.6281._L.selenocysteine_biosynthesis_II_.archaea_and_eukaryotes.	2.59E-07	0	0	3.81E-07	3.37E-07	0	1.32E-07	2.09E-07	0	1.53E-07	0	0	0	2.85E-07	0	5.36E-07	0	6.68E-08	0	2.26E-07	0	0	0
PWY.5855._ubiquinol.7_biosynthesis_.early_decarboxylation.	0	7.61E-05	7.99E-05	1.34E-06	0	5.99E-07	7.33E-07	0	9.26E-05	4.10E-07	3.22E-06	2.35E-06	2.05E-07	2.17E-05	3.68E-05	0	0.000246087	5.49E-06	0.000023279	0	0.000147419	7.29E-07	4.83E-07
PWY.6803._phosphatidylcholine_acyl_editing	1.02E-06	0.000293667	0.000304079	8.54E-06	1.08E-06	5.57E-06	1.31E-06	7.93E-07	0.000376389	6.72E-07	4.63E-05	1.36E-05	3.32E-06	3.25E-05	0.000106766	2.15E-06	0.000447663	1.44E-05	0.000135524	9.30E-07	0.000190307	1.03E-06	6.31E-06
PWY66.201._nicotine_degradation_IV	4.80E-06	0	0	6.65E-06	3.10E-06	0	2.95E-06	3.88E-06	0	2.93E-06	0	2.40E-06	3.93E-06	2.58E-06	8.19E-07	3.42E-05	1.14E-07	2.45E-06	0	4.39E-06	0	0	1.39E-05
PWY.7185._UTP_and_CTP_dephosphorylation_I	1.32E-06	0	0	2.30E-06	3.39E-07	0	4.10E-07	7.33E-07	0	2.85E-07	0	3.50E-07	0	4.77E-07	3.66E-07	2.17E-06	4.90E-07	8.20E-07	0	1.79E-06	0	0	0
PWY.5067._glycogen_biosynthesis_II_.from_UDP.D.Glucose.	3.69E-07	0	0	2.15E-07	1.50E-07	0	1.60E-07	2.42E-07	0	2.66E-07	0	1.24E-07	1.92E-07	9.82E-08	7.67E-08	9.38E-07	0	1.12E-07	0	2.23E-07	0	0	7.26E-07
PWY.7433._mucin_core_1_and_core_2_O.glycosylation	1.01E-06	0	0	8.72E-07	7.68E-07	0	6.54E-07	1.01E-06	0	6.36E-07	0	4.44E-07	1.03E-06	4.38E-07	1.85E-07	7.05E-06	0	4.85E-07	0	7.60E-07	0	0	2.79E-06
PWY0.1477._ethanolamine_utilization	1.85E-06	0.000968744	0.00102164	1.89E-05	2.34E-05	0.000129683	2.37E-06	4.56E-07	0.000786494	1.86E-06	0.000188678	3.95E-05	2.27E-06	3.13E-05	0.000266123	0	0.000653876	3.48E-05	0.000356016	2.97E-06	0.000370591	0.000164423	2.65E-06
PWY.7833._biosynthesis_of_Lewis_epitopes_.H._pylori.	1.36E-06	0	0	2.94E-06	1.27E-06	0	8.10E-07	1.40E-06	0	1.38E-06	0	9.72E-07	2.02E-06	7.86E-07	5.16E-07	1.17E-05	1.27E-07	9.07E-07	0	1.45E-06	0	0	3.84E-06
PWY.7832._ABH_and_Lewis_epitopes_biosynthesis_from_type_1_precursor_disaccharide	2.28E-06	0	0	3.32E-06	1.66E-06	0	1.29E-06	1.65E-06	0	1.75E-06	0	1.29E-06	2.79E-06	1.30E-06	6.22E-07	1.94E-05	1.74E-07	1.26E-06	0	1.94E-06	0	0	6.40E-06
PWY.6558._heparan_sulfate_biosynthesis_.late_stages.	2.49E-07	0	0	5.09E-07	4.22E-07	0	4.09E-07	3.51E-07	0	0	0	1.75E-07	3.79E-07	2.06E-07	9.06E-08	4.24E-06	0	1.18E-07	0	4.27E-07	0	0	9.72E-07
GLUCOSE1PMETAB.PWY._glucose_and_glucose.1.phosphate_degradation	9.28E-07	0.000503028	0.000532304	5.06E-05	0	0.000291756	3.26E-06	9.73E-07	0.000453683	2.24E-06	0.000111021	3.42E-05	9.79E-07	5.02E-05	0.000252424	1.34E-06	0.000325055	3.70E-05	0.00034635	1.78E-05	0.000252918	0.000566591	2.21E-06
PWY.5138._fatty_acid_.beta..oxidation_IV_.unsaturated._even_number.	0	0.000192818	0.000201015	3.10E-06	0	0	1.62E-06	0	0.000239802	4.74E-07	3.20E-05	8.70E-06	1.13E-06	4.49E-05	9.67E-05	0	0.000515719	1.16E-05	0.000164609	0	0.000319878	0	3.10E-06
PWY.5136._fatty_acid_.beta..oxidation_II_.plant_peroxisome.	7.76E-07	0.000589987	0.000617176	8.68E-06	2.23E-06	0.000008291	2.62E-06	9.14E-07	0.000635651	1.73E-06	0.000118703	3.04E-05	1.73E-06	6.16E-05	0.000248025	3.15E-06	0.000830901	4.44E-05	0.000324183	1.55E-06	0.000461548	0.000052179	2.66E-06
HEME.BIOSYNTHESIS.II._heme_b_biosynthesis_I_.aerobic.	3.51E-07	0.000257698	0.000281945	5.19E-05	1.87E-05	0.000088787	2.46E-06	2.24E-07	0.000419595	1.79E-06	0.000143721	1.45E-05	6.60E-07	3.40E-05	0.000117297	0	0.000292609	1.18E-05	0.000242051	4.35E-06	0.000204046	0.000276469	8.19E-07
PWY0.1298._superpathway_of_pyrimidine_deoxyribonucleosides_degradation	4.60E-07	0.00031991	0.000342428	3.00E-05	9.20E-06	4.65E-05	0.000001471	2.81E-07	0.00031296	2.53E-06	0.000132032	3.05E-05	1.33E-06	3.22E-05	0.000197568	0	0.000311748	5.55E-05	0.000209817	7.23E-06	0.00020819	0.000312502	1.52E-06
PWY.8052._2.arachidonoylglycerol_biosynthesis	4.16E-07	0	0	2.81E-07	3.91E-07	0	0	2.30E-07	0	2.20E-07	0	0	0	0	0	1.63E-06	0	3.93E-07	0	0	0	0	0
REDCITCYC._TCA_cycle_VI_.Helicobacter.	6.28E-07	0.000135974	0.000140745	3.97E-06	3.11E-06	1.18E-05	1.27E-06	0	0.000134407	6.54E-07	2.94E-05	4.50E-06	3.00E-07	1.75E-06	5.65E-05	0	7.85E-05	3.76E-06	3.73E-05	0	1.79E-05	3.76E-05	0
PWY.5918._superpathway_of_heme_b_biosynthesis_from_glutamate	3.92E-07	0.000238317	0.000249031	0.000026776	2.55E-05	0.000127549	2.33E-06	0	0.00039642	1.81E-06	0.000123356	1.68E-05	4.84E-07	0.000028074	0.000129192	0	0.000309663	0.000021525	0.000322093	1.10E-06	0.00017225	5.73E-05	0
GLUCARDEG.PWY._D.glucarate_degradation_I	0	0.000305535	0.000330208	2.85E-06	0	7.78E-07	2.37E-07	1.66E-07	0.000439648	7.04E-07	2.83E-05	1.35E-05	9.09E-07	2.78E-05	0.000141555	0	0.000105535	1.50E-05	0.000150765	0	9.33E-07	0	1.17E-06
PWY.8004._Entner.Doudoroff_pathway_I	6.04E-06	0.000209049	0.000229996	1.86E-05	1.18E-05	4.24E-05	2.13E-06	0	0.000362742	2.77E-06	0.000122943	4.01E-05	1.48E-06	2.47E-05	0.000112535	0	0.00026166	2.21E-05	0.000156523	1.15E-06	0.000209508	0.000107273	1.71E-06
PWY.6305._superpathway_of_putrescine_biosynthesis	7.07E-06	0.000357753	0.000397038	1.35E-05	1.79E-06	1.33E-05	1.67E-06	2.58E-07	0.000504836	1.63E-06	0.000073944	3.09E-05	1.15E-06	2.47E-05	0.00019929	1.07E-06	0.00034008	0.000058819	0.00026925	1.10E-06	0.000166073	2.13E-05	1.84E-06
PWY.6948._sitosterol_degradation_to_androstenedione	4.68E-07	8.14E-08	0	1.36E-06	8.45E-07	0	5.11E-07	7.87E-07	0	5.34E-07	0	6.06E-07	6.98E-07	6.79E-07	2.03E-07	3.91E-06	2.91E-07	4.83E-07	0	9.27E-07	0	0	2.68E-06
PWY.7118._chitin_deacetylation	1.91E-07	0.000309762	0.000331413	5.74E-06	2.18E-06	9.94E-06	1.07E-06	6.83E-07	0.000370791	4.70E-07	0.000036596	1.27E-05	6.67E-07	2.01E-05	0.000197994	0	0.000352828	2.22E-05	0.000133595	6.69E-07	9.03E-06	2.44E-06	4.42E-07
PWY.7315._dTDP.N.acetylthomosamine_biosynthesis	0	0.000246069	0.000249615	1.89E-06	0	0	1.57E-06	0	0.000235304	1.54E-06	0.000111938	8.43E-06	3.65E-07	0.000030846	0.00010832	0	0.000282922	1.43E-05	0.000131533	0	0.00023866	0	1.27E-06
ORNDEG.PWY._superpathway_of_ornithine_degradation	3.83E-07	0.000294402	0.000333614	4.96E-06	0	1.45E-06	8.11E-07	0	0.000544986	7.42E-07	3.95E-05	1.97E-05	8.29E-07	0.000022339	0.000187887	0	0.000347014	3.80E-05	0.000234008	0	3.11E-06	0	6.78E-07
PWY.5189._tetrapyrrole_biosynthesis_II_.from_glycine.	2.46E-07	0.000182259	0.000184713	1.49E-05	3.07E-05	0.000158929	2.29E-06	6.81E-07	0.000346771	1.15E-06	9.74E-05	1.23E-05	5.71E-07	2.27E-05	0.000112064	0	0.000300498	0.000027481	0.000352822	6.11E-07	1.32E-05	2.57E-05	5.23E-07
PWY.6507._4.deoxy.L.threo.hex.4.enopyranuronate_degradation	2.39E-06	0.000032142	3.73E-05	6.04E-06	2.00E-06	1.02E-05	8.84E-07	0	0.000130992	9.58E-07	6.14E-05	0.000026821	2.02E-07	2.21E-05	0.000103854	0	0.000224407	2.76E-05	0.000123302	0	0.000235744	5.23E-06	8.31E-07
GLYOXYLATE.BYPASS._glyoxylate_cycle	6.57E-07	0.000336778	0.000347511	3.75E-06	1.62E-06	7.85E-06	1.56E-06	6.08E-07	0.000519585	3.94E-07	6.01E-05	1.68E-05	9.04E-07	2.70E-05	0.000143524	0	0.0003139	1.38E-05	0.000137677	5.31E-07	8.00E-06	2.58E-06	1.24E-06
PWY.821._superpathway_of_sulfur_amino_acid_biosynthesis_.Saccharomyces_cerevisiae.	0	7.68E-06	1.29E-06	1.31E-05	1.73E-06	5.64E-06	1.61E-06	9.99E-07	0	1.07E-06	5.37E-05	2.37E-05	0	9.76E-06	8.01E-05	0	0	4.54E-06	9.31E-05	1.21E-06	0	5.80E-06	0
PWY.5913._partial_TCA_cycle_.obligate_autotrophs.	4.14E-07	0.000490569	0.000516327	1.09E-05	4.07E-06	1.78E-05	1.71E-06	2.84E-06	0.000547578	1.14E-06	5.64E-05	2.07E-05	7.80E-07	3.37E-05	0.000210807	0	0.000362037	3.80E-05	0.000264448	2.00E-06	7.94E-05	0.000133226	1.21E-06
PWY.6895._superpathway_of_thiamine_diphosphate_biosynthesis_II	0	0.000236789	0.000251936	1.32E-05	1.90E-05	0.000123461	2.90E-06	0	0.000327733	0	0.00011631	0.000064295	8.29E-07	2.79E-05	0.000180526	0	0.000244684	3.68E-05	0.000189371	0	0.000125638	1.06E-05	0
PWY.7242._D.fructuronate_degradation	2.40E-06	3.69E-05	4.26E-05	3.19E-06	2.16E-06	1.11E-05	1.00E-06	0	0.000136531	3.60E-07	6.11E-05	2.58E-05	2.05E-07	2.01E-05	0.000106516	0	0.000270693	2.07E-05	0.000128886	0	0.000241996	9.82E-06	8.31E-07
GALACTARDEG.PWY._D.galactarate_degradation_I	2.41E-07	0.000341815	0.000371859	3.31E-06	0	6.08E-07	2.34E-07	0	0.000519413	8.46E-07	6.86E-05	2.06E-05	1.12E-06	2.84E-05	0.000171096	0	0.000143864	1.93E-05	0.000295187	0	1.44E-06	0	1.21E-06
GLUCARGALACTSUPER.PWY._superpathway_of_D.glucarate_and_D.galactarate_degradation	2.41E-07	0.000341815	0.000371859	3.31E-06	0	6.08E-07	2.34E-07	0	0.000519413	8.46E-07	6.86E-05	2.06E-05	1.12E-06	2.84E-05	0.000171096	0	0.000143864	1.93E-05	0.000295187	0	1.44E-06	0	1.21E-06
ECASYN.PWY._enterobacterial_common_antigen_biosynthesis	0	0.00017454	0.000177778	1.89E-06	0	0	1.05E-06	0	8.41E-05	0	1.76E-05	4.12E-06	0	0.000030846	7.21E-05	0	0.000282231	6.63E-06	4.38E-05	0	0.00020383	0	9.84E-07
PWY.6293._superpathway_of_L.cysteine_biosynthesis_.fungi.	0	5.20E-06	9.17E-07	2.59E-06	0	0	1.56E-07	0	0	0	2.01E-05	8.50E-06	0	7.80E-07	3.41E-05	0	0	3.53E-06	2.73E-05	0	3.06E-06	6.02E-06	0
PWY.6557._glycosaminoglycan.protein_linkage_region_biosynthesis	5.62E-07	0	0	2.66E-07	4.07E-07	0	3.06E-07	6.62E-07	0	6.71E-07	0	0	3.61E-07	2.53E-07	1.67E-07	4.78E-06	0	2.39E-07	0	4.72E-07	0	0	2.07E-06
PWY0.1061._superpathway_of_L.alanine_biosynthesis	0	0.000235367	0.000249778	5.06E-06	1.56E-06	1.21E-05	2.10E-06	6.60E-06	0.000257566	0	3.45E-05	9.50E-06	8.78E-07	4.16E-05	0.000112007	0	0.000393691	0.000013496	0.00013682	3.43E-06	0.000102849	0.000153984	1.69E-06
PWY.6478._GDP.D.glycero..alpha..D.manno.heptose_biosynthesis	0	0	0	1.19E-06	3.03E-07	2.44E-06	6.33E-07	0	0	1.00E-06	4.86E-05	1.51E-06	0	1.31E-06	9.50E-07	0	0	0	2.39E-06	0	0	0	0
PWY.5920._superpathway_of_heme_b_biosynthesis_from_glycine	2.71E-07	0.000139053	0.000138602	4.71E-06	1.24E-06	7.05E-07	1.47E-06	0	0.000250829	7.56E-07	7.86E-05	6.67E-06	5.05E-07	2.66E-05	9.31E-05	0	0.000294409	9.90E-07	0.000230371	6.84E-07	2.48E-05	1.26E-05	4.75E-07
PWY.6358._superpathway_of_D.myo.inositol_.1.4.5..trisphosphate_metabolism	3.98E-07	0	0	0	3.21E-07	0	0	5.24E-07	0	3.42E-07	0	0	2.82E-07	1.21E-07	7.57E-08	3.04E-06	0	2.79E-07	0	2.90E-07	0	0	1.37E-06
PWY.6608._guanosine_nucleotides_degradation_III	4.98E-06	0.000409762	0.000423013	2.17E-05	6.94E-05	0.000366726	3.80E-06	2.02E-06	0.000708368	2.04E-06	0.000122253	6.55E-05	2.34E-06	3.05E-06	0.000217752	0	0.000753758	9.91E-05	0.00038012	3.80E-07	0.000265956	0.000054836	0
PWY66.374._C20_prostanoid_biosynthesis	0	0	0	0	2.51E-07	0	0	3.08E-07	0	1.24E-07	0	0	0	1.71E-07	0	1.34E-06	0	9.29E-08	0	4.12E-07	0	0	1.07E-06
PWY.7511._protein_ubiquitination	1.69E-07	0	0	3.94E-07	3.14E-07	0	3.90E-07	3.43E-07	0	3.70E-07	0	1.47E-07	1.80E-07	3.27E-07	1.15E-07	3.84E-06	0	8.87E-08	0	1.18E-07	0	0	1.44E-06
PWY0.845._superpathway_of_pyridoxal_5..phosphate_biosynthesis_and_salvage	8.10E-06	0.000274094	0.000294649	1.87E-05	2.22E-05	0.000104031	3.34E-06	0	0.000279629	3.87E-06	0.00028485	3.66E-05	0	0.000029459	0.000138773	0	0.00029898	1.65E-05	0.000206373	0	0.000189977	5.80E-06	0
FERMENTATION.PWY._mixed_acid_fermentation	1.88E-06	0.000466867	0.000503306	1.16E-05	8.62E-06	3.49E-05	0.000002911	8.02E-06	0.000507346	2.05E-06	0.000153052	3.69E-05	1.54E-06	3.68E-05	0.000160729	0	0.000404312	1.68E-05	0.000223613	3.72E-06	0.000241266	0.000118832	2.59E-06
P161.PWY._acetylene_degradation_.anaerobic.	3.64E-07	0.00041574	0.000462176	6.80E-06	2.34E-05	0.000129683	2.37E-06	0	0.000390603	1.86E-06	0.000188678	3.01E-05	0	3.13E-05	0.000249928	0	0.000425545	3.48E-05	0.000135708	2.97E-06	0.000316145	0.000164423	9.37E-07
PWY0.301._L.ascorbate_degradation_I_.bacterial._anaerobic.	0	0.000393593	0.000416823	4.42E-06	0	6.77E-07	1.41E-06	0	0.000433408	2.88E-07	2.23E-05	1.35E-05	1.30E-06	4.38E-05	0.000191593	0	0.000584436	2.53E-05	0.000227299	0	5.93E-07	7.81E-06	0
P105.PWY._TCA_cycle_IV_.2.oxoglutarate_decarboxylase.	0	0.0003499	0.000374718	5.11E-06	8.46E-06	3.63E-05	1.16E-06	0	0.000289888	0	3.85E-05	2.10E-05	1.14E-06	1.58E-06	0.000105616	0	9.94E-05	1.03E-05	0.00014085	0	1.61E-05	1.51E-05	0
COBALSYN.PWY._superpathway_of_adenosylcobalamin_salvage_from_cobinamide_I	2.49E-06	0.000311588	0.000327188	1.40E-05	3.76E-06	2.33E-05	1.10E-06	0	0.00015078	8.95E-07	9.32E-05	2.64E-05	4.26E-07	1.11E-05	0.000131986	0	0.000319454	0.000097442	0.000344758	0	0.000139143	6.89E-05	0
PWY.561._superpathway_of_glyoxylate_cycle_and_fatty_acid_degradation	7.59E-07	0.000421991	0.000441815	3.64E-06	1.78E-06	2.97E-06	1.92E-06	4.07E-07	0.000458208	5.96E-07	6.00E-05	2.28E-05	1.22E-06	2.78E-06	0.000146538	0	0.000144101	0.000014537	0.000193624	5.72E-07	1.14E-05	3.71E-06	1.39E-06
GLYCOLYSIS.E.D._superpathway_of_glycolysis_and_the_Entner.Doudoroff_pathway	4.34E-06	0.000247168	0.000269372	2.37E-05	1.48E-05	5.39E-05	2.49E-06	0	0.000424709	3.22E-06	0.000143482	4.62E-05	1.25E-06	2.71E-05	0.000146217	0	0.000268118	3.68E-05	0.000232737	1.42E-06	6.77E-05	0.000132397	1.39E-06
PWY.7115._C4_photosynthetic_carbon_assimilation_cycle._NAD.ME_type	0	0.000251097	0.000267841	6.92E-06	2.27E-06	1.63E-05	0.000001787	7.99E-06	0.000240293	0	3.90E-05	1.14E-05	6.38E-07	2.80E-05	0.000100428	0	0.000356611	1.33E-05	9.34E-05	3.74E-06	0.00027289	0.000114999	6.07E-07
PWY.6571._dermatan_sulfate_biosynthesis	5.50E-07	0	0	4.23E-07	3.95E-07	0	4.12E-07	4.92E-07	0	4.74E-07	0	0	4.97E-07	3.19E-07	1.46E-07	3.92E-06	0	3.17E-07	0	6.00E-07	0	0	1.62E-06
PWY.6569._chondroitin_sulfate_biosynthesis	5.73E-07	0	0	4.23E-07	4.11E-07	0	4.39E-07	5.45E-07	0	5.37E-07	0	0	5.15E-07	3.47E-07	1.56E-07	4.14E-06	0	3.39E-07	0	6.42E-07	0	0	1.85E-06
PWY0.1338._polymyxin_resistance	0	0.000163212	0.000167324	3.01E-06	0	0	6.25E-07	0	0.000182676	0	1.79E-05	7.95E-06	1.54E-07	1.00E-05	6.78E-05	0	0.000225101	7.65E-06	8.85E-05	0	0.000211862	0	0
PWY0.1297._superpathway_of_purine_deoxyribonucleosides_degradation	9.79E-07	0.000317788	0.000335494	2.70E-05	1.42E-05	6.52E-05	1.63E-06	6.64E-07	0.000394885	2.71E-06	0.000172101	4.05E-05	8.38E-07	0.000035423	0.000193386	0	0.000403992	6.79E-05	0.000179837	1.26E-05	0.000284609	0.000344558	1.59E-06
PWY.5971._palmitate_biosynthesis_.type_II_fatty_acid_synthase.	0	0.000353675	0.000386996	3.60E-05	0	1.87E-05	3.58E-06	0	0.00029382	0	0.000186004	7.52E-05	8.55E-07	5.72E-05	0.00019612	0	0.000307809	1.48E-05	0.000305285	1.05E-05	0.00014297	0.000434446	1.62E-06
HEMESYN2.PWY._heme_b_biosynthesis_II_.oxygen.independent.	3.22E-07	0.000292794	0.000309948	5.09E-05	1.84E-05	8.76E-05	2.46E-06	7.10E-06	0.000421573	1.67E-06	0.000122638	1.67E-05	5.75E-07	3.09E-05	0.000158733	0	0.000363997	1.43E-05	0.000294683	4.07E-06	0.000199234	0.00032152	9.44E-07
PWY6666.2._dopamine_degradation	4.61E-07	4.29E-08	0	3.84E-07	3.05E-07	0	4.68E-07	4.47E-07	0	4.20E-07	0	2.76E-07	1.70E-07	2.24E-07	2.77E-08	2.80E-06	0	2.50E-07	0	0	0	0	1.15E-06
PYRIDOXSYN.PWY._pyridoxal_5..phosphate_biosynthesis_I	9.40E-06	0.000247235	0.000267328	1.35E-05	5.48E-05	0.000303244	4.14E-06	0	0.000232818	3.56E-06	0.000445395	3.38E-05	5.19E-07	2.40E-05	0.000145197	0	0.000325429	1.13E-05	0.000158712	0	0.000179815	2.52E-06	7.48E-07
P461.PWY._hexitol_fermentation_to_lactate._formate._ethanol_and_acetate	8.79E-07	0.000435716	0.000459725	1.77E-05	9.76E-07	3.81E-06	2.08E-06	5.01E-07	0.000641359	3.12E-06	7.95E-05	4.71E-05	1.03E-06	4.07E-05	0.000204266	0	0.000253961	4.73E-05	0.000315689	3.87E-06	2.38E-05	0.000171894	2.69E-06
PWY.5104._L.isoleucine_biosynthesis_IV	0	0	1.50E-07	1.08E-06	0	0	1.78E-06	0	0	5.38E-07	4.68E-05	2.87E-05	0	0	7.09E-06	0	0	9.23E-07	2.39E-05	0	0	0	0
PWY.6961._L.ascorbate_degradation_II_.bacterial._aerobic.	0	5.51E-05	6.50E-05	1.30E-06	0	6.34E-07	6.18E-07	0	0.000363917	3.30E-07	2.47E-05	1.24E-05	9.68E-07	2.40E-05	0.00014754	0	0.000489474	1.88E-05	0.000205825	0	4.36E-07	0	0
PWY.5840._superpathway_of_menaquinol.7_biosynthesis	0	0.000269117	0.000280152	2.14E-05	0	5.58E-06	2.79E-06	0	0.000229462	1.78E-06	0.000119102	2.08E-05	0	2.80E-05	0.000102396	0	0.000292219	1.69E-05	0.000155248	2.95E-06	2.20E-05	0.000125319	0
PWY.6564._heparan_sulfate_biosynthesis	2.93E-07	0	0	0	3.12E-07	0	2.87E-07	2.75E-07	0	0	0	0	3.37E-07	1.88E-07	8.76E-08	3.64E-06	0	1.37E-07	0	3.46E-07	0	0	1.14E-06
PWY.6922._L.N.delta..acetylornithine_biosynthesis	2.81E-06	0	0	6.30E-06	2.01E-06	0	0	0	0	1.25E-06	2.31E-05	3.45E-07	0	5.91E-07	1.86E-05	0	0.000008329	3.00E-06	2.58E-05	0	1.07E-06	2.13E-05	0
PWY4LZ.257._superpathway_of_fermentation_.Chlamydomonas_reinhardtii.	4.65E-07	0.000304276	0.000334125	8.26E-06	8.42E-07	1.77E-05	1.83E-06	0	0.000499785	1.40E-06	0.000121036	3.13E-05	0	8.55E-06	0.000138236	0	0.000391621	0.000021558	0.000152583	2.14E-06	7.01E-06	0.000141364	1.11E-06
PWY66.389._phytol_degradation	7.54E-07	0.000256224	0.00028078	4.38E-06	1.15E-05	5.29E-05	7.04E-07	2.34E-06	9.91E-06	1.27E-06	7.25E-06	5.80E-06	8.46E-07	9.76E-07	5.50E-05	2.45E-06	0.000467059	7.13E-06	1.57E-05	1.99E-06	0.000252725	6.17E-05	1.59E-06
PWY.6969._TCA_cycle_V_.2.oxoglutarate_synthase.	3.09E-06	0.000354694	0.000381835	8.71E-06	3.25E-05	0.000178311	3.73E-06	1.73E-06	0.000325532	3.37E-06	0.000302369	0.000025871	1.09E-06	1.80E-06	0.000114483	0	9.96E-05	1.12E-05	0.000166595	1.18E-06	5.18E-05	4.88E-05	2.07E-06
PWY.5723._Rubisco_shunt	0	0.000445339	0.000460413	3.05E-05	0	0	2.71E-06	8.29E-07	0.000554164	1.31E-06	7.60E-05	0.000028278	7.17E-07	3.88E-05	0.000216431	0	0.000433749	4.18E-05	0.000397686	0	4.06E-05	1.94E-05	7.92E-07
P441.PWY._superpathway_of_N.acetylneuraminate_degradation	1.37E-06	0.00026789	0.00029492	2.40E-05	7.66E-06	2.72E-05	3.24E-06	0	0.000415766	3.00E-06	0.000192396	4.91E-05	1.14E-06	3.01E-05	0.00019999	0	0.000338197	4.83E-05	0.00026918	1.02E-05	0.000109655	0.000311004	1.55E-06
PWY.7117._C4_photosynthetic_carbon_assimilation_cycle._PEPCK_type	0	0.000593295	0.000620967	3.30E-05	8.64E-06	4.17E-05	2.15E-06	9.87E-06	0.000449222	3.00E-06	8.02E-05	2.92E-05	9.27E-07	3.77E-05	0.000250026	0	0.000445731	3.76E-05	0.000253733	1.20E-05	0.000340159	0.000398306	1.55E-06
PWY.6309._L.tryptophan_degradation_XI_.mammalian._via_kynurenine.	3.08E-07	0	0	2.97E-07	1.08E-07	0	2.11E-07	1.18E-07	0	1.27E-07	0	8.66E-08	1.65E-07	1.70E-07	8.54E-08	1.64E-06	0	1.04E-07	0	2.21E-07	0	8.40E-07	7.23E-07
PWY.7316._dTDP.N.acetylviosamine_biosynthesis	1.30E-06	0	0	0	1.22E-06	5.22E-06	9.55E-07	0	0	2.16E-06	8.00E-05	3.54E-07	0	2.41E-06	2.81E-05	0	0	0	1.08E-05	0	0	0	0
PWY.7831._ABH_and_Lewis_epitopes_biosynthesis_from_type_2_precursor_disaccharide	1.49E-06	0	0	0	7.52E-07	0	5.97E-07	1.02E-06	0	6.75E-07	0	4.94E-07	7.48E-07	5.73E-07	2.89E-07	7.37E-06	0	9.62E-07	0	0	0	0	4.35E-06
PWY.5675._nitrate_reduction_V_.assimilatory.	3.00E-07	0.00019312	0.000213597	7.04E-06	0	7.26E-07	1.08E-06	7.03E-07	0.000414844	3.36E-07	4.05E-05	2.79E-05	2.01E-06	2.05E-05	0.000154844	0	0.000378354	0.000034399	0.00014677	0	2.82E-06	6.82E-05	0
GLYCOL.GLYOXDEG.PWY._superpathway_of_glycol_metabolism_and_degradation	0	3.86E-05	5.48E-05	4.91E-07	0	0	3.94E-07	0	0.000142656	1.18E-07	8.25E-06	3.28E-06	5.24E-07	1.74E-05	0.000031131	0	2.85E-06	4.57E-05	4.09E-05	0	8.45E-07	2.20E-06	0
PWY.7434._terminal_O.glycans_residues_modification_.via_type_2_precursor_disaccharide.	2.58E-06	9.58E-08	0	3.84E-06	1.75E-06	0	1.46E-06	2.00E-06	0	1.52E-06	0	7.43E-07	2.43E-06	1.10E-06	6.22E-07	1.54E-05	4.43E-08	8.23E-07	0	5.68E-06	5.05E-06	1.89E-05	7.41E-06
PWY.8182._valproate_.beta..oxidation	3.68E-07	0	0	9.82E-07	8.29E-07	0	4.42E-07	7.47E-07	0	0	0	0	0	0	0	1.91E-06	0	0	0	0	0	0	1.46E-06
POLYISOPRENSYN.PWY._polyisoprenoid_biosynthesis_.E._coli.	2.62E-06	0.000267544	0.000278879	2.70E-05	5.42E-06	2.86E-05	1.11E-06	1.06E-06	0.000314352	1.79E-06	6.00E-05	3.48E-05	7.10E-07	2.20E-05	0.00012372	0	0.000348219	1.96E-05	0.000178341	9.07E-06	0.000207472	0.000215321	1.13E-06
PWY.5897._superpathway_of_menaquinol.11_biosynthesis	4.06E-06	0.000287714	0.000301596	3.20E-05	0	4.90E-06	2.91E-06	9.37E-07	0.000385476	1.74E-06	0.000110637	3.15E-05	5.06E-07	2.94E-05	0.000143252	0	0.000294607	1.73E-05	0.000216826	3.04E-06	0.000185479	0.000165327	0
PWY.5898._superpathway_of_menaquinol.12_biosynthesis	4.06E-06	0.000287714	0.000301596	3.20E-05	0	4.90E-06	2.91E-06	9.37E-07	0.000385476	1.74E-06	0.000110637	3.15E-05	5.06E-07	2.94E-05	0.000143252	0	0.000294607	1.73E-05	0.000216826	3.04E-06	0.000185479	0.000165327	0
PWY.5899._superpathway_of_menaquinol.13_biosynthesis	4.06E-06	0.000287714	0.000301596	3.20E-05	0	4.90E-06	2.91E-06	9.37E-07	0.000385476	1.74E-06	0.000110637	3.15E-05	5.06E-07	2.94E-05	0.000143252	0	0.000294607	1.73E-05	0.000216826	3.04E-06	0.000185479	0.000165327	0
PWY.7013._.S..propane.1.2.diol_degradation	0	0.000860484	0.000922981	1.13E-05	0	0	1.76E-06	0	0	0	9.40E-06	3.59E-06	0	3.98E-05	0.000164934	0	0.000177676	7.24E-07	0.00013016	5.46E-07	5.92E-07	3.18E-05	2.75E-06
PWY.5505._L.glutamate_and_L.glutamine_biosynthesis	1.69E-06	5.15E-07	6.74E-07	1.30E-05	0	8.00E-07	0	7.33E-07	0	3.81E-07	4.57E-05	3.22E-05	0	3.20E-07	3.02E-05	0	0	9.63E-07	0.000035362	5.94E-07	1.74E-06	0	0
PWY.7948._4.oxopentanoate_degradation	1.95E-07	0	0	8.72E-07	4.51E-07	0	2.08E-07	6.17E-07	0	0	0	0	0	0	0	1.22E-06	0	0	0	0	0	0	8.76E-07
TCA.GLYOX.BYPASS._superpathway_of_glyoxylate_bypass_and_TCA	6.27E-07	0.000362357	0.000388342	3.22E-06	1.80E-06	2.65E-06	1.15E-06	0	0.000374563	0	5.46E-05	0.000022244	1.03E-06	2.28E-06	0.000129781	0	0.000118832	0.000014096	0.000183689	0	9.36E-06	3.07E-06	0
PWY.5384._sucrose_degradation_IV_.sucrose_phosphorylase.	1.39E-06	0.000548549	0.000555483	3.83E-05	4.64E-06	2.84E-05	1.19E-06	1.03E-06	0.000511906	3.25E-06	6.96E-05	3.47E-05	8.02E-07	2.21E-05	0.000169285	0	0.000308732	4.47E-05	0.000269384	1.20E-05	0.000146545	0.000321675	0
PWY66.430._myristate_biosynthesis_.mitochondria.	0	0.000208682	0.000221644	3.78E-06	0	3.50E-06	0	0	3.76E-05	0	0	3.11E-06	6.04E-07	0	0.000102538	0	2.59E-05	1.09E-05	0.000024798	0	8.19E-07	0	0
GLUTORN.PWY._L.ornithine_biosynthesis_I	1.02E-05	0.000373766	0.000379468	3.14E-05	1.43E-05	7.52E-05	1.96E-06	3.39E-07	0.000457113	3.16E-06	0.000152852	7.96E-05	9.13E-07	3.34E-05	0.000233856	0	0.000457425	7.10E-05	0.000333108	6.65E-06	0.000216231	0.000314292	1.02E-06
PWY.8190._L.glutamate_degradation_XI_.reductive_Stickland_reaction.	0	0	0	0	0	0	3.27E-07	0	0	3.61E-07	7.80E-06	0	0	8.74E-07	1.82E-06	0	0	0	1.04E-06	0	0	0.000012034	0
GOLPDLCAT.PWY._superpathway_of_glycerol_degradation_to_1.3.propanediol	0	0.000530131	0.000546962	7.72E-06	0	7.92E-07	6.14E-07	0	0	2.01E-07	5.53E-06	3.37E-06	0	1.77E-05	6.84E-05	0	0.000084149	3.56E-06	4.68E-05	6.44E-07	1.42E-06	4.42E-05	7.55E-07
PWY.7385._1.3.propanediol_biosynthesis_.engineered.	5.60E-07	8.20E-05	8.99E-05	1.59E-06	3.91E-07	0	5.46E-07	4.53E-07	0	6.88E-07	9.09E-06	0.000005766	8.30E-07	1.18E-06	9.96E-05	0	4.38E-06	5.68E-06	0.000113771	1.06E-06	1.04E-06	0	1.54E-06
PWY.6527._stachyose_degradation	2.36E-06	0.000353545	0.000379591	4.73E-05	4.36E-06	2.31E-05	1.11E-06	7.38E-07	0.000349527	5.98E-06	0.000123622	0.000049049	1.76E-06	3.54E-05	0.000211415	0	0.00016892	0.000115241	0.000403913	7.43E-06	0.000115289	0.000340852	0
DENITRIFICATION.PWY._nitrate_reduction_I_.denitrification.	0	1.21E-07	1.05E-07	9.89E-07	0	0	0	0	0	0	0	0	0	0	6.75E-06	0	1.72E-07	0	1.80E-06	0	1.07E-06	8.84E-06	0
PWY.5838._superpathway_of_menaquinol.8_biosynthesis_I	4.31E-06	0.000283214	0.000296585	2.72E-05	0	5.52E-06	1.43E-06	8.04E-07	0.000387377	0	0.000115866	3.40E-05	4.84E-07	2.93E-05	0.000136277	0	0.000294068	1.69E-05	0.000219138	1.99E-06	0.000183811	8.19E-05	0
TCA._TCA_cycle_I_.prokaryotic.	1.13E-06	0.000366534	0.000398305	6.38E-06	2.06E-06	2.29E-06	1.10E-06	4.15E-07	0.0003307	0	0.000101733	0.000025871	1.04E-06	1.80E-06	0.000117304	0	9.96E-05	1.24E-05	0.00018069	0	3.00E-05	4.88E-05	0
PWY.7456._.beta...1.4..mannan_degradation	6.06E-06	0	0	6.93E-06	3.01E-06	1.10E-05	1.89E-06	0	0	2.42E-06	0.000166081	2.51E-05	0	3.59E-06	4.91E-05	0	0	2.80E-05	4.71E-05	0	0	0	0
HOMOSER.METSYN.PWY._L.methionine_biosynthesis_I	0	0.000341554	0.000353867	9.36E-06	0	0	1.21E-06	6.81E-07	0.000479165	7.37E-07	2.76E-05	1.62E-05	4.94E-07	3.60E-05	0.000145745	0	0.000156227	2.11E-05	0.000137453	3.84E-06	0.000247925	0.000130963	9.72E-07
METHGLYUT.PWY._superpathway_of_methylglyoxal_degradation	0	4.50E-05	4.88E-05	6.37E-06	0	0	0	0	6.01E-05	2.33E-07	4.75E-05	1.16E-05	0	1.85E-05	6.39E-05	0	8.78E-05	8.58E-06	7.06E-05	0	7.93E-05	1.81E-05	0
PWY.6168._flavin_biosynthesis_III_.fungi.	5.53E-06	0.000102196	0.000110823	2.40E-05	3.96E-06	4.19E-06	3.50E-06	0	0.000164894	0	0.000303242	3.36E-05	0	4.51E-06	0.000117281	0	0	3.85E-05	0.000228497	0	5.74E-06	0	0
PWY.5188._tetrapyrrole_biosynthesis_I_.from_glutamate.	4.53E-07	0.00027787	0.000291473	0.00005589	3.54E-05	0.000185386	2.61E-06	7.13E-06	0.000401266	5.04E-06	0.000117791	3.35E-05	5.56E-07	2.59E-05	0.000159382	0	0.000325533	7.39E-05	0.00044576	5.40E-06	0.000157925	0.000294063	6.29E-07
FAO.PWY._fatty_acid_.beta..oxidation_I_.generic.	7.83E-07	0.000421199	0.000432231	5.55E-06	1.36E-06	0	2.22E-06	7.78E-07	0.000547061	9.60E-07	6.04E-05	1.90E-05	1.53E-06	5.94E-05	0.000191289	3.27E-06	0.000784439	2.59E-05	0.00033396	1.39E-06	0.000462663	0	2.87E-06
HEME.BIOSYNTHESIS.II.1._heme_b_biosynthesis_V_.aerobic.	2.35E-07	0.000262178	0.000281945	9.74E-06	0	3.53E-07	1.27E-06	7.10E-06	0.000419595	1.04E-06	5.69E-05	1.45E-05	6.60E-07	2.74E-05	0.000117297	0	0.000284626	1.27E-05	0.000262504	4.07E-06	0.000180314	8.55E-05	8.19E-07
PWY.5497._purine_nucleobases_degradation_II_.anaerobic.	1.15E-06	0.000094294	0.000104295	1.51E-05	0	0	9.08E-07	0	4.81E-05	0	2.43E-05	1.61E-05	0	2.19E-06	5.14E-05	0	5.96E-05	5.00E-06	0.000177234	0	5.82E-06	4.71E-06	0
PWY.5972._stearate_biosynthesis_I_.animals.	3.17E-06	0	0	3.57E-06	1.75E-06	0	1.32E-06	1.92E-06	0	2.01E-06	8.66E-06	2.33E-06	2.19E-06	2.71E-06	1.62E-06	3.35E-06	7.72E-07	1.33E-06	0	9.84E-07	1.35E-06	1.80E-07	2.63E-06
GLUCUROCAT.PWY._superpathway_of_.beta..D.glucuronosides_degradation	3.03E-06	4.18E-05	4.62E-05	4.26E-06	2.45E-06	1.04E-05	1.05E-06	0	0.000174722	4.31E-07	7.38E-05	2.95E-05	2.50E-07	1.91E-05	9.09E-05	0	0.000266217	1.59E-05	0.000137031	0	6.25E-06	1.05E-05	8.11E-07
PWY.7858._.5Z..dodecenoate_biosynthesis_II	0	0.00025283	0.000271003	1.29E-05	0	1.39E-06	4.33E-07	7.46E-06	0.000205949	1.07E-06	3.65E-05	1.52E-05	4.01E-07	3.63E-05	0.00010089	0	0.000322042	9.62E-06	0.000135083	4.30E-06	0.000208199	0.000164487	8.82E-07
PWY.6606._guanosine_nucleotides_degradation_II	2.96E-06	0.000148629	0.000172918	1.19E-05	6.87E-06	2.52E-05	2.46E-06	5.63E-07	0.00037252	1.00E-06	6.93E-05	2.45E-05	6.08E-07	2.46E-06	0.000150289	0	0.000613529	6.47E-05	0.000210462	3.34E-07	7.56E-06	4.03E-05	0
PWY0.1479._tRNA_processing	0	0.000379581	0.000385706	1.52E-05	0	0.000002839	1.40E-06	7.74E-06	0.000242131	2.09E-06	9.74E-05	2.90E-05	1.61E-06	3.11E-05	0.000164169	0	0.000306067	3.35E-05	0.000315257	6.53E-06	0.000204294	0.000105608	0
PWY.5861._superpathway_of_demethylmenaquinol.8_biosynthesis_I	3.09E-06	0.000307986	0.000327579	2.13E-05	0	3.69E-06	1.04E-06	1.72E-06	0.00036865	0	8.35E-05	2.56E-05	4.08E-07	2.88E-05	0.000122574	0	0.000301201	1.28E-05	0.000191998	1.85E-06	0.000200088	6.07E-05	0
P4.PWY._superpathway_of_L.lysine._L.threonine_and_L.methionine_biosynthesis_I	0	0.000344071	0.000359577	1.37E-05	0	0	1.50E-06	0	0.000373517	1.32E-06	5.02E-05	2.86E-05	5.42E-07	3.72E-05	0.000167304	0	0.000290883	2.45E-05	0.000212866	5.86E-06	0.00025243	1.94E-05	0
PPGPPMET.PWY._ppGpp_metabolism	1.53E-06	0.000208191	0.000217899	7.29E-06	3.04E-05	0.000160281	2.57E-06	8.67E-06	0.000177356	2.57E-06	0.000169322	1.31E-05	1.76E-07	3.21E-05	7.52E-05	0	0.000357422	7.57E-06	8.07E-05	2.21E-06	0.000194153	7.97E-05	1.33E-06
PRPP.PWY._superpathway_of_histidine._purine._and_pyrimidine_biosynthesis	0	0.000163386	0.000170198	1.18E-05	0	0	2.53E-06	1.59E-06	7.77E-05	1.80E-06	9.77E-05	1.35E-05	0	3.14E-05	0.000111748	0	0.000236182	1.14E-05	0.000211177	3.02E-06	7.78E-06	5.47E-05	0
ASPASN.PWY._superpathway_of_L.aspartate_and_L.asparagine_biosynthesis	8.16E-06	0.000562799	0.000584494	4.29E-05	6.14E-05	0.000342137	3.93E-06	8.56E-06	0.000572859	5.25E-06	0.000220503	9.05E-05	1.99E-06	3.70E-05	0.000215059	0	0.000637041	3.51E-05	0.00036591	1.28E-05	0.000306807	0.000348418	2.40E-06
POLYAMSYN.PWY._superpathway_of_polyamine_biosynthesis_I	5.46E-07	0.0002921	0.000319799	1.49E-05	2.94E-06	1.82E-05	6.51E-07	0	0.000383914	1.51E-06	4.35E-05	2.63E-05	9.09E-07	1.39E-05	0.000130413	0	0.00010792	4.38E-05	0.000278707	1.24E-06	2.49E-06	4.39E-07	0
PWY.6284._superpathway_of_unsaturated_fatty_acids_biosynthesis_.E._coli.	0	9.02E-05	0.000117177	1.11E-05	0	2.36E-06	1.75E-06	0	0.000222691	0	3.57E-05	2.62E-05	5.68E-07	4.19E-05	0.000126222	0	4.29E-05	1.22E-05	0.000158716	7.32E-06	1.14E-05	0.000186284	9.23E-07
ANAEROFRUCAT.PWY._homolactic_fermentation	1.04E-05	0.000348061	0.000358305	5.95E-05	4.97E-05	0.000211531	4.95E-06	2.44E-06	0.000418745	6.75E-06	0.000232298	6.34E-05	1.86E-06	3.02E-05	0.000172286	0	0.000290245	6.25E-05	0.000286633	1.18E-05	0.000157479	0.000471356	3.24E-06
PWY.6901._superpathway_of_glucose_and_xylose_degradation	8.42E-06	0.000462391	0.00048314	3.52E-05	1.75E-05	6.17E-05	3.46E-06	1.64E-06	0.000489787	3.60E-06	0.000204047	6.00E-05	1.83E-06	3.12E-05	0.000195267	0	0.000365592	5.16E-05	0.000272294	8.48E-06	4.14E-05	4.34E-05	2.17E-06
PWY0.1586._peptidoglycan_maturation_.meso.diaminopimelate_containing.	9.60E-06	0.00127181	0.00134938	9.26E-05	9.94E-05	0.000546489	7.04E-06	2.05E-05	0.00154656	1.20E-05	0.000433306	0.000142422	2.99E-06	0.000106098	0.00060918	0	0.00131718	0.000145687	0.000872969	2.40E-05	0.000655646	0.00103347	2.21E-06
NONOXIPENT.PWY._pentose_phosphate_pathway_.non.oxidative_branch._I	7.71E-06	0.00123258	0.00126264	4.27E-05	6.81E-05	0.000368351	5.73E-06	0.000010053	0.00101745	5.74E-06	0.000553604	7.66E-05	2.54E-06	5.07E-05	0.000397748	0	0.000658171	0.000245478	0.000567896	1.22E-05	0.00016887	0.000417692	2.52E-06
PANTO.PWY._phosphopantothenate_biosynthesis_I	1.69E-05	0.000310275	0.000315483	3.11E-05	7.14E-05	0.00039732	3.85E-06	0	0.000345362	5.10E-06	0.000472773	9.83E-05	1.13E-06	3.55E-05	0.000187597	0	0.000370439	6.67E-05	0.000231203	2.73E-06	0.000189857	0.000131211	6.92E-07
P221.PWY._octane_oxidation	0	0.000213037	0.000229811	2.21E-06	0	4.76E-07	2.72E-08	0	9.10E-06	4.09E-07	3.63E-06	1.75E-06	0	2.52E-08	0.000035003	0	0.00029976	6.65E-06	0.000013033	0	7.89E-08	1.73E-05	0
PWY.5154._L.arginine_biosynthesis_III_.via_N.acetyl.L.citrulline.	1.14E-05	0.000401104	0.000405737	1.68E-05	3.37E-06	1.73E-05	1.89E-06	4.70E-07	0.000493173	2.82E-06	0.00013236	8.07E-05	7.70E-07	0.000029516	0.000220713	0	0.000462547	6.39E-05	0.000287458	8.12E-06	0.000213125	0.000244076	1.28E-06
PWY.7220._adenosine_deoxyribonucleotides_de_novo_biosynthesis_II	1.43E-05	0.000297558	0.000298458	9.40E-05	2.94E-05	0.000157665	4.41E-06	1.07E-05	0.000258597	7.28E-06	0.000213215	5.86E-05	3.46E-06	0.000039303	0.000183801	1.91E-06	0.000330292	7.79E-05	0.000149135	1.21E-05	0.000273007	0.000543483	2.80E-06
PWY.7222._guanosine_deoxyribonucleotides_de_novo_biosynthesis_II	1.43E-05	0.000297558	0.000298458	9.40E-05	2.94E-05	0.000157665	4.41E-06	1.07E-05	0.000258597	7.28E-06	0.000213215	5.86E-05	3.46E-06	0.000039303	0.000183801	1.91E-06	0.000330292	7.79E-05	0.000149135	1.21E-05	0.000273007	0.000543483	2.80E-06
P108.PWY._pyruvate_fermentation_to_propanoate_I	0	0.000167161	0.000172313	3.22E-06	7.30E-06	0.000031378	9.03E-07	0	0	8.43E-07	4.34E-05	8.15E-06	2.38E-07	2.40E-06	6.66E-05	0	0.000128263	0	5.18E-05	0	5.35E-06	2.19E-06	1.17E-06
PWY.8131._5..deoxyadenosine_degradation_II	0	0.000257379	0.000260059	1.07E-06	1.44E-06	8.59E-06	0	0	0	0	1.38E-05	2.77E-06	0	1.26E-05	3.90E-05	0	9.55E-05	0	4.96E-05	0	0.000158579	8.29E-06	0
KETOGLUCONMET.PWY._ketogluconate_metabolism	1.05E-07	7.32E-05	7.54E-05	2.23E-06	2.57E-06	9.90E-06	6.51E-07	0	9.95E-05	5.27E-07	9.69E-06	5.63E-06	2.94E-07	2.47E-05	0.00006445	0	0.000420552	6.67E-06	0.000141951	0	0	8.37E-06	0
PWY.7345._superpathway_of_anaerobic_sucrose_degradation	5.62E-06	0.00038734	0.000407399	5.77E-05	1.41E-05	6.24E-05	3.05E-06	0	0.000464133	5.50E-06	0.000157719	5.83E-05	1.83E-06	2.98E-05	0.00019725	0	0.000325668	4.94E-05	0.000292046	0.000011023	5.88E-05	0.000436786	0
PWY.5837._2.carboxy.1.4.naphthoquinol_biosynthesis	1.57E-06	0.000294104	0.000313906	4.42E-05	0	1.64E-06	1.53E-06	6.16E-06	0.000312158	7.82E-07	4.47E-05	1.37E-05	6.97E-07	2.59E-05	0.000117629	0	0.000261887	1.06E-05	0.000173111	2.87E-06	0.000229139	0.000234136	0
PWY.4041._.gamma..glutamyl_cycle	1.29E-06	0.000330589	0.00035443	3.17E-05	1.69E-05	9.74E-05	2.72E-06	8.35E-06	0.000621666	5.42E-06	0.000132044	3.20E-05	8.71E-07	0.000039396	0.000177637	0	0.000135105	0.000048109	0.000211467	1.59E-05	0.000303513	0.000498479	8.14E-07
CALVIN.PWY._Calvin.Benson.Bassham_cycle	1.23E-05	0.000636116	0.000664355	5.18E-05	9.25E-05	0.00051381	7.45E-06	1.07E-05	0.000637543	7.18E-06	0.000563472	0.00011049	3.15E-06	4.62E-05	0.000316726	0	0.000413565	0.000103549	0.000452059	9.83E-06	0.000222402	0.000404144	4.81E-06
DARABCATK12.PWY._D.arabinose_degradation_I	0	3.93E-05	5.61E-05	4.76E-07	0	0	3.49E-07	0	4.35E-05	0	7.91E-06	3.15E-06	8.10E-08	2.02E-05	2.95E-05	0	2.85E-06	4.35E-06	3.83E-05	0	2.07E-07	4.74E-06	0
KDO.NAGLIPASYN.PWY._superpathway_of_.Kdo.2.lipid_A_biosynthesis	0	2.29E-05	2.57E-05	2.75E-06	0	0	4.86E-07	0	6.88E-05	0	5.62E-06	3.30E-06	0	1.46E-05	4.50E-05	0	0	3.79E-06	5.84E-05	0	0	0	0
PWY.621._sucrose_degradation_III_.sucrose_invertase.	4.35E-06	0.000420915	0.000424856	3.30E-05	4.66E-06	2.85E-05	1.20E-06	9.78E-07	0.000444582	4.57E-06	7.83E-05	3.72E-05	6.16E-07	1.95E-05	0.00010979	0	0.000254479	5.92E-05	0.00018371	1.07E-05	0.000168896	0.000288034	0
PWY.7111._pyruvate_fermentation_to_isobutanol_.engineered.	3.38E-06	0.000526702	0.000547807	0.00010297	1.65E-05	0.000079599	2.87E-06	6.49E-06	0.000806542	3.74E-06	0.000191548	0.000100772	2.32E-06	0.000042481	0.000337906	0	0.000424984	6.54E-05	0.000566162	0.0000262	0.000452207	0.000805229	1.73E-06
PWY0.1296._purine_ribonucleosides_degradation	5.16E-06	0.000312386	0.000323576	6.33E-05	1.63E-05	7.27E-05	1.85E-06	1.26E-06	0.000558919	5.70E-06	0.000185146	7.80E-05	1.55E-06	0.00003857	0.000185885	3.44E-06	0.000614157	0.000152936	0.000433637	2.03E-05	0.00037996	0.000718676	2.98E-06
PWY.6572._chondroitin_sulfate_degradation_I_.bacterial.	0	0	0	2.56E-06	3.10E-07	1.15E-06	2.69E-07	0	0	0	1.80E-05	3.49E-06	0	0	1.04E-06	0	0	0	5.77E-07	0	0	0	0
PWY.7094._fatty_acid_salvage	0	0.000013601	1.51E-05	6.39E-07	0	0	9.10E-07	0	0.000210786	5.73E-07	2.92E-05	6.48E-06	1.52E-07	2.85E-05	3.67E-05	0	0.000110938	4.13E-06	9.10E-05	0	0	0	0
PWY.6351._D.myo.inositol_.1.4.5..trisphosphate_biosynthesis	4.77E-07	0	0	5.40E-07	0	0	0	0	0	3.34E-07	0	0	0	2.34E-07	1.34E-07	1.56E-06	0	0	0	3.98E-07	0	0	0
PWY1ZNC.1._assimilatory_sulfate_reduction_IV	0	0.000280493	0.000307288	6.36E-06	1.58E-06	8.45E-06	8.80E-07	5.81E-07	0.000285126	1.58E-06	2.58E-05	0.000012177	0	2.78E-05	0.000103093	0	0.000332117	1.24E-05	0.000110791	6.92E-07	1.19E-06	2.38E-06	0
PWY4FS.8._phosphatidylglycerol_biosynthesis_II_.non.plastidic.	3.50E-06	0.000373695	0.00041076	4.96E-05	4.36E-05	0.000214892	3.31E-06	1.04E-05	0.000404186	3.23E-06	0.000150392	5.64E-05	1.77E-06	2.90E-05	0.00017756	0	0.000384966	6.63E-05	0.000354869	1.35E-05	0.000199318	0.000391428	2.36E-06
PWY4FS.7._phosphatidylglycerol_biosynthesis_I_.plastidic.	3.50E-06	0.000373695	0.00041076	4.96E-05	4.36E-05	0.000214892	3.31E-06	1.04E-05	0.000404186	3.23E-06	0.000150392	5.64E-05	1.77E-06	2.90E-05	0.000177575	0	0.000384966	6.63E-05	0.000354869	1.36E-05	0.000199318	0.000410551	2.36E-06
PWY.7560._methylerythritol_phosphate_pathway_II	7.01E-06	0.000317971	0.000333978	4.89E-05	4.27E-05	0.000228058	4.72E-06	3.56E-06	0.000355874	6.22E-06	0.000361352	7.78E-05	1.64E-06	2.84E-05	0.000174045	0	0.000357142	7.61E-05	0.000307196	5.80E-06	0.00016855	0.000294477	0
NAGLIPASYN.PWY._lipid_IVA_biosynthesis_.E._coli.	4.16E-06	0.000290799	0.000320448	1.58E-05	4.62E-05	0.000249476	3.33E-06	7.26E-06	0.000346666	1.76E-06	9.65E-05	3.53E-05	5.96E-07	2.45E-05	0.000140505	0	0.000289739	1.27E-05	0.000202498	2.42E-06	0.00017094	9.02E-05	5.41E-07
PWY.8073._lipid_IVA_biosynthesis_.P._putida.	4.16E-06	0.000290799	0.000320448	1.58E-05	4.62E-05	0.000249476	3.33E-06	7.26E-06	0.000346666	1.76E-06	9.65E-05	3.53E-05	5.96E-07	2.45E-05	0.000140505	0	0.000289739	1.27E-05	0.000202498	2.42E-06	0.00017094	9.02E-05	5.41E-07
MET.SAM.PWY._superpathway_of_S.adenosyl.L.methionine_biosynthesis	0	0.000410568	0.000425167	1.60E-05	0	0	1.97E-06	1.26E-06	0.000513591	1.34E-06	5.12E-05	2.77E-05	3.49E-07	4.02E-05	0.000192054	0	0.000233733	3.35E-05	0.000219496	5.06E-06	0.000294678	0.000177072	1.28E-06
PHOSLIPSYN.PWY._superpathway_of_phospholipid_biosynthesis_I_.bacteria.	6.07E-06	0.000387059	0.000421419	4.46E-05	5.52E-05	0.000276349	3.88E-06	1.08E-05	0.000416866	4.53E-06	0.000243072	7.70E-05	2.27E-06	3.26E-05	0.000209857	0	0.000402625	8.32E-05	0.00038416	8.73E-06	0.000216365	0.000372061	1.37E-06
METSYN.PWY._superpathway_of_L.homoserine_and_L.methionine_biosynthesis	0	0.000416454	0.000431051	1.51E-05	0	0	1.83E-06	1.13E-06	0.000562535	1.21E-06	4.60E-05	0.000025723	3.13E-07	4.23E-05	0.000191485	0	0.000231668	3.17E-05	0.000201778	5.92E-06	0.000337318	0.00019767	1.36E-06
CARNMET.PWY._L.carnitine_degradation_I	0	4.85E-06	5.85E-06	0	0	0	4.82E-07	0	1.79E-05	0	6.72E-06	7.28E-07	0	1.28E-05	2.20E-05	0	0	0	2.80E-05	0	0	0	0
SALVADEHYPOX.PWY._adenosine_nucleotides_degradation_II	3.33E-06	0.000145244	0.000163932	1.42E-05	0	0	3.42E-06	5.35E-07	0.000714729	1.77E-06	0.000105138	5.88E-05	2.34E-06	3.49E-06	0.000214436	0	0.000610156	9.45E-05	0.000351849	4.69E-07	9.38E-06	2.11E-06	0
PWY.801._homocysteine_and_cysteine_interconversion	0	5.57E-05	5.43E-05	1.61E-06	0	0	9.58E-08	0	0	0	1.29E-05	5.52E-06	0	5.15E-07	3.21E-05	0	4.05E-06	1.34E-05	2.22E-05	0	2.04E-06	3.63E-06	0
PWY0.461._L.lysine_degradation_I	0	7.71E-06	8.12E-06	3.22E-07	0	0	4.99E-07	0	2.32E-05	0	2.18E-05	2.46E-06	0	0.000012541	0.000019969	0	0	1.47E-06	3.41E-05	0	0	0	0
PWY0.1261._anhydromuropeptides_recycling_I	1.33E-06	0.000295357	0.000309688	1.51E-05	1.63E-06	7.75E-06	1.60E-06	6.87E-06	0.000298911	1.43E-06	0.00012771	3.25E-05	5.86E-07	3.70E-05	0.000133021	0	0.000295403	7.56E-05	0.000177556	4.36E-06	0.000269833	0.000119065	0
PWY.5347._superpathway_of_L.methionine_biosynthesis_.transsulfuration.	0	0.000447078	0.000463222	1.65E-05	0	0	1.96E-06	1.27E-06	0.00056112	0.00000132	0.000050917	0.000028385	3.49E-07	4.31E-05	0.000197706	0	0.000258675	2.98E-05	0.000212828	6.50E-06	0.00033284	0.000214396	1.48E-06
PWY.5484._glycolysis_II_.from_fructose_6.phosphate.	1.19E-05	0.000374562	0.0003956	6.32E-05	6.38E-05	0.000345464	5.14E-06	1.04E-05	0.000459637	6.54E-06	0.000237235	6.85E-05	2.26E-06	3.29E-05	0.000212423	0	0.000311295	5.37E-05	0.000320258	1.07E-05	0.000207383	0.000466241	3.27E-06
PWY.6368._3.phosphoinositide_degradation	3.81E-07	0	0	0	3.60E-07	0	0	4.78E-07	0	2.35E-07	0	0	1.99E-07	1.23E-07	4.48E-08	2.02E-06	0	2.21E-07	0	0	0	0	1.34E-06
PWY0.1241._ADP.L.glycero..beta..D.manno.heptose_biosynthesis	7.86E-07	0.000195056	0.000200369	3.98E-05	2.02E-06	1.17E-05	7.03E-07	6.14E-06	0.000201915	2.13E-07	3.06E-05	1.32E-05	2.78E-07	2.66E-05	8.94E-05	0	0.000267684	7.55E-06	0.000153173	2.91E-06	0.000180504	0.000205222	2.76E-07
PENTOSE.P.PWY._pentose_phosphate_pathway	8.05E-06	0.000620155	0.000665391	3.79E-05	0.000039267	0.000208251	3.79E-06	9.78E-06	0.000586509	4.24E-06	0.000246354	5.75E-05	1.57E-06	0.000033083	0.000225836	0	0.000420473	4.34E-05	0.000262672	1.28E-05	0.000184011	0.000384828	1.80E-06
GLUCONEO.PWY._gluconeogenesis_I	9.97E-06	0.000366414	0.000382566	4.20E-05	5.47E-05	0.000305152	4.94E-06	9.64E-06	0.000416994	5.03E-06	0.000286258	7.43E-05	1.55E-06	3.23E-05	0.000191766	0	0.000337068	0.00003491	0.000264049	8.81E-06	0.000208695	0.000293753	3.09E-06
DAPLYSINESYN.PWY._L.lysine_biosynthesis_I	4.79E-06	0.000355134	0.000369688	1.95E-05	1.27E-05	5.90E-05	2.28E-06	8.06E-06	0.000409597	2.07E-06	0.000109952	4.67E-05	9.82E-07	3.71E-05	0.000184917	0	0.000363639	3.61E-05	0.000284797	9.01E-06	0.000257203	0.000198974	7.88E-07
PWY.5656._mannosylglycerate_biosynthesis_I	0	3.44E-05	3.73E-05	8.14E-07	0	0	8.30E-08	0	0.000189832	0	2.37E-05	9.54E-06	4.67E-07	1.81E-07	3.43E-05	0	3.26E-06	1.06E-05	5.93E-05	0	2.01E-07	0	0
RHAMCAT.PWY._L.rhamnose_degradation_I	1.03E-05	0.000344674	0.000349137	1.36E-05	1.39E-06	6.50E-06	1.37E-06	0	0.000380214	8.41E-07	0.000113851	4.78E-05	8.66E-07	3.52E-05	0.000179315	0	0.0003115	3.76E-05	0.000212166	0	3.70E-07	8.94E-06	7.84E-07
PWY.5345._superpathway_of_L.methionine_biosynthesis_.by_sulfhydrylation.	0	1.20E-05	2.03E-06	2.30E-05	3.56E-06	1.34E-05	2.37E-06	1.52E-06	0	2.62E-06	0.00012445	5.47E-05	0	1.63E-05	0.00015029	0	6.38E-07	1.82E-05	0.00018648	3.45E-06	1.42E-05	9.08E-05	0
PWY.6936._seleno.amino_acid_biosynthesis_.plants.	6.81E-07	0.000416504	0.000407851	9.85E-05	0.000015434	7.59E-05	2.84E-06	1.09E-05	0.000533238	0.000004394	0.000158558	5.20E-05	7.43E-07	3.79E-05	0.000255474	0	0.000317644	7.66E-05	0.000415897	2.13E-05	0.000349547	0.000724491	9.96E-07
AST.PWY._L.arginine_degradation_II_.AST_pathway.	0	0.000388595	0.000412504	1.53E-06	0	0	4.24E-07	0	0.000228599	2.70E-07	2.62E-05	6.15E-06	0	1.72E-05	7.88E-05	0	9.16E-05	8.31E-06	9.33E-05	0	8.80E-07	0	4.17E-07
FUC.RHAMCAT.PWY._superpathway_of_fucose_and_rhamnose_degradation	7.94E-07	0.00031463	0.000327674	7.98E-06	0	0	1.08E-06	0	0.000332964	6.02E-07	7.28E-05	2.79E-05	6.33E-07	2.67E-05	0.000142508	0	0.000316899	1.78E-05	0.000167262	0	3.18E-07	0.000011955	0
GLYCOLYSIS._glycolysis_I_.from_glucose_6.phosphate.	1.21E-05	0.000416074	0.000439992	6.68E-05	6.64E-05	0.000361146	5.45E-06	9.96E-06	0.000492186	6.93E-06	0.000247322	7.03E-05	1.80E-06	3.28E-05	0.000228708	0	0.000315267	0.000062322	0.000354383	1.32E-05	0.000229862	0.000561071	3.22E-06
PWY0.781._aspartate_superpathway	0	0.000178713	0.000195609	1.41E-05	0	0	1.55E-06	0	0.000360037	1.38E-06	5.25E-05	2.95E-05	0	2.16E-05	0.000151812	0	0.00025741	2.53E-05	0.000211993	4.57E-06	4.95E-05	2.04E-05	0
PWY.5862._superpathway_of_demethylmenaquinol.9_biosynthesis	2.73E-06	0.000283742	0.000298564	0	0	3.18E-06	0	0	0.000185962	1.25E-06	0.000072981	1.49E-05	0	2.70E-05	8.47E-05	0	0.0002983	1.28E-05	0.000124606	0	4.75E-06	0	0
P42.PWY._incomplete_reductive_TCA_cycle	1.61E-06	6.58E-06	1.06E-06	1.04E-05	3.39E-05	0.000164327	1.94E-06	0	0	1.47E-06	0.000147819	6.00E-06	2.61E-07	5.78E-06	5.63E-05	0	0	4.07E-06	0.000106315	1.59E-06	5.05E-06	8.31E-05	1.01E-06
PWY66.409._superpathway_of_purine_nucleotide_salvage	2.69E-06	0.00026273	0.000267909	0.000050812	3.15E-05	0.000148872	1.47E-06	2.05E-06	0.000274891	1.97E-06	9.02E-05	4.27E-05	9.36E-07	3.40E-05	0.000133667	0	0.000340902	8.31E-05	0.00018213	1.68E-05	0.000252681	0.000521962	0
PWY0.881._superpathway_of_fatty_acid_biosynthesis_I_.E._coli.	0	0	0	0	0	0	5.81E-07	1.11E-06	0	8.33E-07	0	1.20E-06	4.06E-07	8.52E-07	9.65E-07	0	0	1.08E-06	0	1.99E-06	0	0	0
PWY.5845._superpathway_of_menaquinol.9_biosynthesis	3.84E-06	0.000269117	0.000280152	0	0	4.75E-06	0	0	0.000229462	1.70E-06	0.000102232	2.08E-05	0	2.80E-05	0.000102396	0	0.000292219	1.69E-05	0.000155248	0	7.02E-06	0	0
PWY.7388._octanoyl..acyl.carrier_protein._biosynthesis_.mitochondria._yeast.	0	0.000245692	0.00024798	3.73E-06	1.92E-06	3.81E-06	0	0	3.61E-05	0	0	2.99E-06	5.93E-07	0	0.000102106	0	2.62E-05	1.09E-05	2.38E-05	0	7.87E-07	0	0
PWY.8178._pentose_phosphate_pathway_.non.oxidative_branch._II	8.82E-06	0.000738326	0.000777411	4.35E-05	7.57E-05	0.000409296	6.05E-06	1.03E-05	0.000678538	5.68E-06	0.000510132	8.59E-05	2.36E-06	5.14E-05	0.000364067	0	0.000494542	0.000120951	0.000538931	1.35E-05	0.000174259	0.000462408	8.34E-07
PWY.6285._superpathway_of_fatty_acids_biosynthesis_.E._coli.	0	0.000146238	0.000181819	0.000017565	0	4.37E-06	1.68E-06	0	0.000252685	0	6.22E-05	3.99E-05	6.12E-07	4.70E-05	0.000152436	0	7.81E-05	1.39E-05	0.000211315	8.60E-06	2.22E-05	0.000268276	0
ARGSYN.PWY._L.arginine_biosynthesis_I_.via_L.ornithine.	1.25E-05	0.000397074	0.000410709	5.82E-05	1.88E-05	9.65E-05	2.27E-06	1.39E-06	0.000512126	3.94E-06	0.000171615	8.49E-05	6.79E-07	3.74E-05	0.000210554	0	0.000430495	8.54E-05	0.000310065	1.06E-05	0.000236161	0.000474924	1.44E-06
PWY.7805._.aminomethyl.phosphonate_degradation	0	1.91E-05	2.28E-05	0	0	0	0	0	7.93E-05	0	0.000016543	1.68E-06	0	0	2.66E-05	0	0	1.35E-06	4.85E-05	0	0	0	0
ARGSYNBSUB.PWY._L.arginine_biosynthesis_II_.acetyl_cycle.	8.52E-06	0.000398169	0.000413992	4.70E-05	1.94E-05	9.67E-05	2.16E-06	1.55E-06	0.000532315	3.78E-06	0.000171064	8.28E-05	4.86E-07	0.000033346	0.00021752	0	0.000425859	8.86E-05	0.000344911	9.76E-06	0.000240237	0.000437452	1.54E-06
UDPNAGSYN.PWY._UDP.N.acetyl.D.glucosamine_biosynthesis_I	2.00E-06	0.000358344	0.000362968	8.38E-05	3.37E-05	0.000196477	2.56E-06	7.92E-06	0.000514741	5.89E-06	0.000179254	4.92E-05	9.52E-07	3.57E-05	0.000252053	0	0.000335215	0.000127074	0.000487076	1.78E-05	0.000265434	0.000640487	3.83E-07
PWY0.162._superpathway_of_pyrimidine_ribonucleotides_de_novo_biosynthesis	1.21E-05	0.000329524	0.000339453	3.00E-05	3.16E-05	0.000150808	3.53E-06	1.27E-06	0.000293322	3.07E-06	0.000238159	7.35E-05	1.09E-06	2.88E-05	0.000157048	0	0.000310451	2.93E-05	0.000194485	1.18E-05	0.000208342	0.000242414	6.55E-07
PWY.7840._gala.series_glycosphingolipids_biosynthesis	9.98E-07	0	0	4.45E-07	6.83E-07	0	4.22E-07	6.63E-07	0	5.45E-07	0	0	7.13E-07	4.13E-07	0	5.42E-06	0	3.95E-07	0	0	0	0	1.75E-06