#	GF1	GF2	GF3	GF4	GF5	Bern1	Bern2	Bern3	Bern4	Bern5	Brazil3	Brazil4	Brazil5	Brazil6	Crick4	Crick5	Crick1	Crick2	Crick3	DKFZ2	DKFZ3	DKFZ4	DKFZ5	DKFZ1	FreiburgM3	FreiburgM4	FreiburgM5	FreiburgF3	FreiburgF4	FreiburgF5	Geneva1	Geneva2	Geneva3	Geneva4	Geneva5	Greece1	Greece2	Greece3	Champalimaud1	Champalimaud2	Champalimaud3	Champalimaud4	Champalimaud5	Champalimaud6	IRB3	IRB5	IRB6	IRB11	IRB12	Humanitas3	Humanitas4	Humanitas5	Humanitas1	Humanitas2	Rockeffeler1	Rockeffeler2	Rockeffeler3	Rockeffeler4	Rockeffeler5	Gothenburg1	Gothenburg2	Gothenburg3	Gothenburg4	Gothenburg5	Jena1	Jena2	Jena3	WildMiceF1	WildMiceF2	WildMiceF4	WildMiceF5	WildMiceM1	WildMiceM2	WildMiceM3	WildMiceM4	WildMiceM5
5_hydroxylysine	0.00307323	0.002659365	0.002682768	0.002936183	0.001015634	0.003366378	0.006020427	0.014841779	0	0.006846155	0	0	0.000557638	0	0	0	0	0	0.001282231	0.003531172	0.011913195	0.004556787	0.002769572	0.010096077	0.012899225	0.00881615	0.008545947	0.00254468	0.00631522	0.000703829	0	0	0	0	0	0	0	0.00E+00	0.00E+00	0.00E+00	0.00E+00	0	0.00E+00	0	0	0	0	0	0	0	0	0.001200083	0	0.000512915	0.002433252	0	0	0	0	0	0	0	0	0	0	0	0	0	0	0.000781429	0	0	0.00233327	0.00E+00	0.00E+00	0.00E+00
Histidine	0.276226517	0.18559964	0	0.182202095	0.01513751	0.279885632	0.499581627	1.271570188	0.208527275	0.818473013	0.593868241	0.478885652	0.451354211	1.231580269	1.014450452	4.52E-01	1.93E-01	1.10E-01	5.61E-01	2.99E+00	1.35E+00	2.62E+00	1.59E-02	4.21E-01	0.79332201	6.16E-01	2.19E-01	9.01E-01	1.30E+00	7.38E-01	0.560780975	8.99E-01	1.99E+00	1.86E+00	0.831975866	0.095426707	0.33829468	6.48E-01	5.27E-02	5.22E-01	1.94E-01	0.202414529	9.99E-02	0.106007552	0	1.552859434	1.19E+00	1.11E+00	1.132437208	1.259280647	1.488371123	1.044909546	0	1.048413808	0.048040498	0.362727251	0.257112415	0.435490563	6.93E-01	0.347165652	0.211973558	0.144808078	0.227789914	0.325946058	0.09787699	0.163937392	2.938019201	0.646523481	0.475015877	0.208098773	0.628025842	3.621762979	2.179620187	3.91E+00	3.51E-01	6.77E-02
Asparagine	0.034494046	0	0	0	0.199826159	1.373842022	0	0	0	0	0	0	0	0	0	2.779471772	0	0.059812148	0	0	0	0	0	0	0.539478335	0	2.492591848	0	0	0	0.000243911	0.685609117	0	0	0	0.167439122	0.033604223	0	0.002770885	2.42E-02	7.25E-02	0.149050116	0.023297987	0.003070252	0	0	0	0	0	0	0	0	0	0	0	0.568767068	1.396824329	0	0	0.650056077	3.732146686	1.007374919	0	0	0.050531894	0.154833292	0	0	0	0	0	1.505638672	0	0.704578322	0.264998568	0.228153332
3_methylhistdidine	0.000226265	0.000691788	0.00042143	0.000221224	0.000321682	0.008460093	0.012125188	0.003058846	0.001921803	0.003726323	0	0.000458341	0	0.000345249	0.003527439	0	0	1.73E-03	0.001107963	0.003759919	2.30E-02	0.02492092	0.018700022	2.07E-02	0.016828956	0.018138633	0.024449195	0.002574605	0.020102513	0.011461604	0	0	0.000445142	0	0	0.000908402	0.000824976	0.000761724	0.000154754	0.00E+00	0.00E+00	0	0	0	0	0.000310229	0.000313072	0	0	0.004035488	0.001579786	0.000435478	0	0.000758539	0.003746973	0.002350013	0.00116489	0	0.004574125	0.001620774	0.002267715	0.000177024	0.005295527	0.014121304	0	0	0.003128016	0.00016132	0	0.000455825	0.000577067	0	0.001117364	0.001075381	0	8.09E-05
Glutamine	0.013613322	0	0	0	0.025402899	0.399620859	2.642194186	0	0	0	0	0	0	0	2.37583528	0.289634583	0.938051392	7.96E-01	0	0	4.08E+00	0	2.037623873	0.00E+00	0	0	0	0	0	0	0.494667838	1.255384649	0	0	1.15967963	1.190933652	2.174559569	0	0.034738809	4.98E-01	2.17E-01	0.166615859	0.554857523	0.230801431	0	0	0	0	0	0	0	0	0	0	4.350871737	1.24991275	2.174523471	5.033084795	0.462655409	1.091166517	1.090420227	0	0	0	1.042551146	1.880675746	0	0	0	6.387441705	0	0.95396811	0	2.34088504	2.207494766	1.310207274
Threonine	0.030709204	0	0	0.330812559	0.369670372	1.451363051	0	0	0	0	0	0	0	0	1.502987771	0.626719167	1.105141062	3.033693368	0	5.354780505	0	0	4.21334302	0	0	0	0	0	0	0	3.414044896	5.548963861	0	0	5.749182548	2.78660649	2.249531433	0	0.028690571	2.13E-01	7.45E-02	0.072278886	0.02936211	0.034391421	0	0	0	0	0	0	0	0	0	0	0	1.662737896	0	0	4.450405591	2.927700949	2.75210549	0	0	0	0	0	0	0	0	0	0	4.288747356	0	4.075889685	1.269922147	0.225743593
Taurine	0.000789977	0	0	0	0	0	0.987859566	0	0	0	3.78E-01	0	0	0	0.00E+00	0.00E+00	0.00E+00	0	0	0.00E+00	2.933893805	0	4.031216138	0	0.052607457	0.1070489	1.26E-01	0.00E+00	0.00E+00	0.00E+00	0	0.00E+00	0.00E+00	1.63E+00	0.00E+00	6.36E-01	1.94E-01	0.00E+00	2.02E-01	1.62E+00	2.61E-01	0.555573734	1.10E-01	0.028968672	3.170971247	0	0.00E+00	1.769435762	0.00E+00	8.20E-01	1.315499218	4.22E+00	0	0	0	0.00E+00	1.309647572	0.355114384	0.033121645	0	0	0	0	0	0.027967925	0.022821182	0	0.477996739	0	1.304344905	0	0.099744611	0.00E+00	0.00E+00	2.50E-02	1.34E-01
Allantoin	0	0.000124263	0	0	0.00027334	0	0	0	0	0.497018381	0	0	0	0	0	0	0	0.00E+00	0	0	0	0	0.002796176	5.452500237	0	0	0	0	0	0	0.011834914	0	0	0	0	0	0	0.003156624	0.001383446	2.80E-02	7.48E-03	0	0	0	0	0	0	0	0	0	0	0	1.74200021	0.055971876	0	0	0	0	0	0	0	1.915520246	0	0	0	0	0	0	0	0	0	0	0.553138474	0	0	0
Gluconic_acid	0	0	0	0	0	0.151788292	0.051130995	0.016272957	5.97E-03	0.006480994	0.005643807	0.011866409	0.008877001	0.129625771	0.061333481	0.091401535	0.004534841	2.26E-02	6.66E-02	4.49E-03	0.019360825	0.012220911	0.008060452	1.79E-02	0.015325157	2.65E-03	0.006129721	0.010466215	0.032104036	0.018568536	0.123700238	0.039117813	0.025224669	0.012295192	0.087471575	1.388203039	1.621609408	0.176529483	0.113904683	3.05E-02	2.77E-01	0.375129692	0.028581372	0.035316502	3.686032714	0.02735692	0.055841143	0.00704336	0.002392692	0.043870671	0.006360633	0.044811401	0.00E+00	6.27E-02	0.048778999	2.18E-02	0.070484019	0.047396297	0.03632636	0.036897151	0.023402008	0.002789137	0.019690197	0.037756023	0.271829202	0.368322063	0.37245387	0.045577791	0.257819804	0.064661897	0.129395926	1.012366613	0.035703872	0.408046532	0.137008724	0.671077431
Creatinine	0.001635282	0.015900634	0.011554148	0.009810141	0.019277244	0.002949514	0.005977714	0.052155191	0.013798021	0.010149647	0.000288627	0.000211106	0.001103005	0	0	0.003692929	0.000195751	0	0.00197041	0.026449245	0.007553082	0.024014772	0.003002825	0.107255653	0.020149651	0.025573634	0.039263339	0.001427479	0.00618301	0.015812304	0	0.001745998	0	0	0.000752324	0.000188301	0	0.001077282	0	0.00E+00	0.00E+00	0.000194247	0	0	0	0.00015953	0	0.004042409	0	0	0.000942557	9.29E-05	0.004252484	0.016422999	0.009042875	0.002564748	0.00997716	0.002597343	0.003867723	0	0.000451539	0.000327463	0.000114761	0	0.000462826	0.001202681	0	0.000374367	0.018402422	0.004948248	0.006120299	0	0.180848638	0.006415065	0.000557042	0
Glyceric_acid	0.002399005	0.000685692	0.000800636	0.000305271	0.000383305	0	0	0	0	0	0	0	0	0	0	0	0	0	8.38898565	4.252558939	0	0	4.83662833	0.359548908	0	0	0	3.213036405	0	0	0	0	0	0	4.848518062	1.587348213	2.130983273	2.386693187	0	0.00E+00	0.00E+00	0	0	0	0	0	0	1.583435505	0	0	0	0	0.228477581	3.998944997	2.088626358	2.195752407	0	1.338865947	1.802381937	4.767746947	2.971374631	0.334458848	0.90483902	0.633568679	0.983513323	0.94458962	4.761827286	0	0	1.485911968	3.719496824	0	0	0	0	0
Glucose_6_phosphate	0.000653078	0	0	0	0	0	0	0	0.106326942	0.083123714	0	0.161956392	0.096309142	0	0	0	0.136546019	0.00352004	0	0.004164149	0.062897241	0.01192376	0.001937932	0.022028187	0.36200226	0.369760123	0.646947267	0	0	0	3.838000427	0	0	0	2.527123809	0	0.945628919	0.004952153	0.513880972	7.74E-01	0.00E+00	0.377702271	0.000293623	0.32961919	0	0	0	0	0	2.232678436	0.002164212	0	0.007404413	6.44E-05	0.002167646	1.23E-04	0.048296787	0	0	1.206937804	0	0.000354967	0.024447472	0.004211674	0.005511943	0.042052908	0.001146537	0.006685718	0	0.004150117	0	0	0	0	0.185610886	0
Quinic_acid	0.040132677	0.062490174	0.045997415	0.046065299	0.025526158	0.001448122	0.004396741	0.004078087	0.002285575	0.009290592	0.000740685	0.000531168	0.000745222	0.001300283	0.008644239	0.002052351	0.000520934	0.00075794	0.000699603	0.004967511	0.004394075	0.002195228	0.002122041	0.000539842	0.011644547	0.002045905	0.000244645	0.002324512	0.009540633	0.000105135	0.007538801	0.014405332	0.022789664	0.018696299	0.008261119	0.006432298	0.015276053	0.019744125	0.000484767	1.17E-03	6.47E-04	0.000555241	0.000202634	0.000556405	0.000238629	0.004838423	0.002107313	0.007009131	0.004634242	0.022063989	0.018938813	0.01341432	0.004975943	0.004975549	0.002297919	0.00397382	0.005355336	0.002827376	0.006347925	0.003127308	0.000707661	0.000290298	0.002116834	0.000750932	0.005049062	0.013811348	0.040270476	0.000111815	0.000745697	0.003716724	0.000338131	0.013059444	0.006377076	0.001050207	0.000376308	0.000590078
Maltotriose_Raffinose	0	0	0	0	5.91E-06	0	0.00E+00	0	0.00E+00	0.00E+00	0	0	0	0	0.021771836	0	0.000142175	0.00E+00	0.000646539	0.006140076	1.89E-01	0	0.001146079	1.60E-03	0	0	0.015268395	9.27E-05	0.04442937	0	0	0	0	0	0	0.003343036	0	0	0	0.00E+00	1.78E-02	0.000148601	0.014385976	0.117305516	0	0	0.028143866	0	0	0	0	0	0	0	0	0.00E+00	0	0	0	0	0	0.0373224	0.184910096	0	0.010461492	0	0.086307577	0.078237722	0	0	0.004734033	0	0.040744373	0.005334352	0.000367764	7.67E-05
Citric_acid	0	0	0	0	0.196815059	1.353989549	1.220343234	1.76175663	0.940843679	0.881158699	0	0	0	2.617212559	2.678499871	4.405893807	0.419019393	2.17E-01	0.854531144	0.618897078	1.42E+00	1.432057056	1.085218308	2.75E-01	3.803925673	2.649835232	1.844125379	2.225912499	2.100736618	1.612799789	1.436089129	0.643859702	1.311827311	0.976371841	1.344086574	1.623896076	2.415297213	1.154057239	0.84864665	1.94E+01	3.19E+00	1.993950019	0.964460761	1.915837075	3.3645878	1.092658114	0	1.058468523	0.359156112	4.577050517	2.894449404	4.1950261	4.376038255	3.310782668	0.25593639	0.434517708	0.859786663	0.340503818	0.638360991	0.765302411	1.182905336	0.037466205	0.143981604	0.206248709	0.356129283	0.654616114	1.558236147	0.695874517	0.789922828	0.433694084	0.823421494	1.190055124	0	3.221053913	0.996567194	2.080584046
5_aminovaleric_acid	0	0.000605023	0.000346533	0.000728126	0	0	0	0	0	0	0.00E+00	0.00E+00	0	0	0.00E+00	0	0	0	0	0	0	0	0	0.041191428	0	0	0	0	0	0	0	0	0	0.00E+00	0.00E+00	4.51E-01	0.00E+00	0.00E+00	1.57E-02	3.49E+00	0.00E+00	0.00E+00	2.03E-02	0.176878393	0	0	0.00E+00	0.00E+00	0.00E+00	0.00E+00	0.00E+00	0.00E+00	0	0	0	0	0.00E+00	0.00E+00	0.00E+00	0	0	0.046645796	0.00E+00	9.65E-02	0	0	0.00E+00	0.00E+00	7.75E+00	2.62E-01	0.00E+00	0.00E+00	0	0	0.00E+00	0.00E+00
N_acetyl_glycine	0.00952996	0.028942748	0.011072658	0.026846922	0.006298665	0.76562328	0.644112897	0.531110473	0.317948179	0.411576036	0.154468826	0.077456479	0.216911436	0.233800457	0.226826802	0.136193259	0.069910764	0.05136164	0.174769449	0.147295809	0.265318744	0.294878107	0.134308778	0.132614919	0.389160293	0.279758628	0.234413595	0.54298921	0.600946371	0.327149835	0.248600481	0.147193162	0.09667448	0.084200139	0.102303446	0.42844203	0.758017173	0.440409685	0.82550941	1.99E+00	3.29E+00	2.912959994	0.471836603	0.956780001	0.416616751	0.171875675	0.321402303	0.145798563	0.160820229	0.205947217	0.145879051	0.172755852	0.272471191	0.576328458	0.319124304	3.99E-01	0.537617482	0.116913671	0.219798567	0.938285067	0.352682257	0.014181001	0.323805464	0.268870191	0.189619625	0.073878252	1.257229907	0.122149678	0.124081243	0.07045343	0.315290069	1.258046984	0.736646989	0.679206736	0.208294263	0.650843605
Valine	0	0.000545564	0.000291427	0.000671966	0	0	0	0	0	0	0	0	0	0	0	0	0	0	0	0	0	0	0	0.097066263	0	0	0	0	0	0	0	0	0	0	0	0.913873256	0	0.00E+00	3.74E-02	6.98E+00	1.42E+00	0	4.81E-02	0.395845119	0	0	0	0.00E+00	0	0	0	0	0	0	0	0	0	0	0	0	0	0.082114691	0	0.213527335	0	0	0	0	0.906562722	0.535848177	0	0	0.00E+00	0.00E+00	0.00E+00	0.00E+00
Cysteine	0.009658853	0	0	0	0.276044571	0	0	0.011590626	0.044658574	0.006580028	0.003438856	0.000778044	0.0022783	0.001246319	0	0.321387582	0.34657651	0.301319106	1.22582018	0.127269926	0.158373285	0.11907733	0.151438865	0.597691259	0.238789733	0.116969388	0.205586523	0.034854084	0.145468361	0.014975225	0.914442945	0.02929992	0.012252775	0.008765281	0.00607927	0.001305596	0.001135462	0.000278468	0	0.00E+00	0.00E+00	0	0	0	0.197084746	0.000473476	0.001625224	0.004039083	0.000296576	0.086432089	0.041026005	0.080201269	0.00382467	0.01006387	0	0.036160361	0.059413076	0	0	0.092860534	0.015115389	0	0.484219034	0.49986173	0.000434205	8.20E-05	0.000321373	0.163394261	0	0	0.093734012	0	0.00818013	0.039837771	0	0.034583771
N_acetylaspartic_acid	0.002030115	0.005246471	0.005977559	0.005142144	0.002803321	0.608370545	0.283699943	0.185847977	0.097979333	0.094530336	0.016604073	0.008863725	0.017070466	0.299464291	1.382535951	0.194137587	0.314401982	0.122122354	0.210494682	0.008318732	0.007592983	0.007517121	0.005043814	0.008615597	0.052007781	0.022992751	0.044410621	0.036419418	0.054131093	0.018902761	0.042897819	0.052397238	0.005411559	0.02689811	0.034758601	0.030733795	0.067231085	0.036249845	0.178368872	1.08E+00	7.10E-01	0.710239066	0.510591155	0.843322119	0.118807004	0.503167248	0.403832203	0.130153233	0.25198008	0.007730674	0.022787419	0.009551239	0.008765341	0.369922807	0.053991234	0.056240404	0.222194614	0.449587233	0.451313023	0.124872995	0.030584287	0.004052352	0.057480154	0.030416882	0.008915886	0.020482407	0.087559508	0.029688194	0.067476322	0.04131219	0.072742837	1.770827708	0.236755059	1.261266182	0.476412886	0.023928146
N6_acetyllysine	0.000544487	0.00108241	0	0.003204952	0	0.062266254	0.249712262	1.16E-01	0.032444103	0.140962209	0.093076882	0.009816488	0.065567445	0.477348443	0.406076575	1.45E-01	4.30E-03	1.96E-03	1.97E-02	2.03E-01	1.50E-01	2.13E-01	1.17E-01	6.29E-03	0.102984413	5.24E-01	5.67E-02	7.67E-01	5.73E-01	6.83E-01	0.004638714	6.61E-03	0	0.027917872	0.015959591	0.056432823	0.17730601	0.059305594	0.004414251	1.30E-01	9.58E-01	0.019818503	0.107425363	0.047670786	0.099511908	0.179233169	0.278345866	0.587339014	0.00936642	0.184917617	0.165005483	0.094655557	0	0.569686817	0.013217391	0.00265632	0.014769227	0.064754536	0.036674134	0.047335964	0.051792516	0.026323817	0.011523258	0.002465493	0.005437001	0.012707743	1.081270388	0.004603748	0.27871729	0.005021734	0.10098284	0.243357829	0.027114728	0.022475455	8.41E-02	5.21E-02
Hydroxyproline	0.000152123	0.000461348	0.017661769	0.000147391	0.060340852	1.79E-02	1.28E-02	6.34E-02	3.20E-02	0.027829824	0.026672748	0.012406494	0.022799638	0.250058407	0.142331443	0.055898681	1.20E-01	3.74E-02	1.47E-01	1.21E-02	1.12E-02	1.01E-02	8.22E-03	1.60E-02	0.039272551	1.29E-02	0.018326944	0.067560598	0.02144451	0.033316709	0.015680356	0.010441597	0.07849291	0.057040733	0.027713857	0.032646906	0.064968848	0.108124466	0.047188651	2.44E-01	1.64E-01	0.212100974	0.162537392	2.28E-01	0.075431789	0.044154038	0.04644993	0.01750772	0.008087491	0.065445136	0.00647496	0.022605511	0.3087332	0.023223571	0.009111272	0.00830646	0.033898853	0.041449898	0.022948995	0.019695022	0.017581202	0.005360596	0.00989822	0.005849863	0.049082654	0.013300954	0.498833294	0.020147969	0.088603411	0.019705773	0.080177078	0.563136326	0.085909558	0.352676793	0.165413911	0.010343547
Succinic_acid	0.003661135	0.001531837	0.001114301	0.001225753	0.002374556	0	0	0	0	0.748376046	0	0	0	0	0	0	0	0	5.824807884	5.561834265	0	0	0	1.108094914	0	0	0	0	0	0	0	0	0	0	0	5.135603466	0	0	0	0.00E+00	0.00E+00	0	0	10.40053131	0	0	0	0	1.527328483	0	0	0	0.71586318	0	4.172579759	0	0	0	0	0	0	0.875760075	0	3.866617969	0	0	2.253861381	0	4.547562685	0	0	0	2.891446828	0	0	0
N_acetylglutamic_acid	0.003362181	0	0.005779008	0.003743988	0.002740052	0.121558776	0.094435016	0.117685378	0.053296235	0.050920861	0.060321791	0.055054911	0.038570498	0.041581027	0.572767557	0.096394322	0.070948135	0.087328306	0.004677284	0.101688965	0.195003877	0.325866344	0.267361584	0.016739856	0.070175326	0.066063309	0.046911691	0.08456353	0.052701996	0.022346548	0.369244704	0.165872864	0.145204787	0.085403296	0.159043872	0.054001567	0.090594578	0.056287073	0.081397381	8.20E-01	2.99E-01	0.232740192	0.073002951	0.137095803	0.246129306	0.078407435	0.054462559	0.128680312	0.044589479	0.306623412	0.135887442	0.20989924	0.022884603	0.091734136	0.042341505	0.029272976	0.060631956	0.058343575	0.08966193	0.098502366	0.014571016	0.003485485	0.037571357	0.021191066	0.014131157	0.01952811	0.15462323	0.027388652	0.038943974	0.01024125	0.090657122	0.320896326	0.13266189	0.334234791	0.043219839	0.027975731
Pyridoxal	0.000812816	0.00012192	0.000201104	0	0.000139272	0.005508973	0.06013125	0	0.11779116	0.018679817	0.020439362	0.007299611	0.03496173	2.38587488	0	0.10343615	0.052981176	0	0.065019678	1.357377627	0.045602275	0.191108925	0.114198627	0.001943723	0.034225582	0.364703372	0.015351281	0.00849992	0	0.01183203	0.095194688	0	0.270453513	0.028457117	0.001315467	0.199015104	0.032815914	0.104957591	0.109028786	2.67E+00	8.57E-04	0.208145934	0.045103822	0.022722125	0.007107386	0.386814419	2.757825362	0.010639257	0.0149631	0.447439229	0.010942543	0.03779173	0.00052311	0.209310087	0.002263268	0	0.012042296	0.004011907	0.055226778	0.756813081	0.004583114	0.000217254	0.008702893	0.001440655	0.130264082	0.175689452	0.110879156	0.011941216	0.004907985	0.010417383	0.002294085	1.162441305	0	0.061929809	0.146488459	0.006234419
N_acetyl_b_alanine	0.031441573	0	0	0	0.385370499	1.437937986	0	0	0	0	0	0	0	0	4.67491399	0.668329542	1.0628087	0.028777043	0	1.346504106	0	0	0	0	0	0	0	0	0	0	3.492520028	5.118377096	0	0	5.302964663	2.682411157	2.600557008	0	0.048286814	2.57E-01	5.05E-03	0.00090443	0.036396448	0.04476401	0	0	0	0	0	0	0	0	0.276185832	0	0	0.071279006	0	0	4.116855545	0.006959735	2.625739219	0	0	0	0	0	0	0	0	0	0	5.591475391	0	4.222231958	1.292213969	0.754266961
Uridine	0.110959691	0.039885291	0	0.01951778	0.116877673	0.136559847	1.719510696	0.658683092	0.393305552	0.64288804	0	0.245658215	0.153166626	1.714751079	3.226919017	0.667887707	0.215615295	0.170408451	0.515629546	0.615209833	1.205492679	0.771356523	1.403101319	0.02311606	0	1.046346725	0	0	0	0	1.982240198	2.865406077	0	0	0.642176958	0.371076057	0.372177766	0.668728716	0	0.00E+00	2.46E+00	0	1.965932587	0.22844449	1.724801157	0	0.630747789	1.057552776	0.788576879	0	0	0	1.407927633	1.474236521	0.155183493	0.696900666	0.610588017	1.787205235	1.810559716	0	0.956319844	0.005202083	0.099519234	0.083073572	0.153671729	0.110310959	0	1.821625914	0.1870082	0.214863058	0.480166481	0	0	1.435825863	0	0
Tyramine	0.002286093	0	0.003804334	0.001186705	0.002968633	0.006558636	0.123971533	0	0.175443598	0.364764413	0.022922308	0.192892832	0.104560212	0.372181257	0.013270162	3.40E-01	1.55E-02	3.88E-03	1.26E-03	6.23E-01	5.14E-02	6.83E-02	5.46E-04	2.18E-01	0.866719884	4.45E-01	0	1.056026505	0.009042675	0.086111889	0.402656372	0.03842195	0.033844347	0.126011557	0.367230588	0.012888703	0.366005945	0.165769346	0.00E+00	0.310098737	0	0	2.23E-03	0	0.297463976	0.686947428	0.071698736	0.984757321	0.004005766	0.118598143	0.108103027	0.10197538	2.027506921	0.039158339	0.096902873	0.09707564	0.015663388	0.026970542	0.030914617	0.017424045	0.024693679	0	0.061270535	0.012817053	0.014134417	0.008087178	0.947474797	0.034911694	0.086544534	0.012872542	0.009172551	0.223146996	1.65E-01	1.92E-03	1.08E-01	3.00E-02
Dopamine	0.583846743	0	0	0	0.007472279	0.061222919	0.066853538	0.807759895	0.1000483	0.22683447	0.467022833	0.024106747	0.03414315	0.935075796	0.530214349	0.102079661	0.503509485	0.025061717	0.066539354	3.864785505	1.673492556	0	2.313315531	0.507003169	0	0.57495409	0.839738193	0.932001389	0.419885057	0.061630886	1.799031547	1.348282101	1.546187056	1.800263572	0.967365779	0.10559867	0.078314854	0	0.072687528	1.04E+00	4.05E-02	0.028435581	0.215273548	0.113778532	0.125397384	1.1854646	0	0.051324654	0	0.948769247	1.203005185	0.188333111	0.076633082	0.663523937	0.072080999	0.079513519	1.020752896	0.74429024	0.5064183	0	0.668366574	0.043768886	0.023847283	0.026532147	0.646256028	0	0.162681435	0.222896241	0.098209161	0.305383884	0.025754465	3.063686098	0.510466017	0.753045067	0.379065853	0.461682015
3_Hydroxybutyric_acid	0.05457327	0.057446687	0.038986207	0.050733078	0.040262152	0.00E+00	0.00E+00	0.00E+00	0.00E+00	0	0	0	0	1.628987466	0	0	0.00E+00	0.00E+00	0.00E+00	0.00E+00	0.00E+00	0.00E+00	0.00E+00	0.00E+00	0	0.00E+00	0	0	0	0	0	0	0	0	0	4.372876258	0	0	2.83651196	8.65E+00	1.47E+00	0	0.85036233	0	0	0	0	0	0	0	0	0	1.914202204	0	1.207707657	0	0	0	0	0	0	0.133388422	1.285948628	0.230803031	0	0	0	0	0	0	0	0	0	0	0	0
Nicotinic_acid	0.001718211	0.002604074	0.003004737	0.00191853	0.001314425	0.903748441	1.859728226	2.296272542	1.415841103	1.059305521	1.17367583	0.889932042	1.089817476	1.407384418	2.631083319	0.874841005	0.479945019	7.41E-01	0.966724453	0.344775741	7.77E-01	1.454030029	0.718170086	0.070487349	1.698003383	0.873465965	1.068818135	0.999318361	0.659433172	0.63030081	1.507796316	1.504427281	1.621415185	1.629019515	0.805105222	1.141385944	1.650099064	1.038064522	0.104425394	1.52E+00	1.63E-01	0.182195539	0.125842139	0.140650317	2.003974461	1.540323426	1.22849913	2.233425825	1.017376661	1.324191155	1.082089202	0.789642906	0.002338327	0.698643971	0.320221685	0.475824043	0.582087264	1.200626204	1.732363709	2.668016407	0.889929384	0.010340296	0.273679944	0.119849609	0.550537782	0.74692254	3.732534877	0.216868811	0.688515279	0.118707853	1.518154176	0	0	0	0.400996368	0.675155583
Guanine	0.005161504	0	0	0	0	0.865468493	0.696951493	2.281228058	0	1.639603479	0.098193733	0.217943157	0.041028429	0.814033961	0	2.235729892	0.638882244	1.151409949	1.301126224	2.629335745	0	2.632413088	2.097106282	0.284269433	0	0.414512987	0	0.123537234	2.367363569	0.663867091	0	0	0	0	0	5.274216954	4.979079209	2.015103523	0	0.00E+00	0.00E+00	0	0	0	0	0.807743129	0.510825215	0.129417621	7.28E-01	1.917657082	0	0.00E+00	0.166722964	1.50896951	6.711366559	0	0.814225779	5.546338615	0	1.868026824	0.513731028	0.013467582	0.253719886	0.030456718	0.078592033	0.25391936	4.531605958	0.133294949	0.032687893	0.171537392	0.028062971	1.496769276	0.04061351	0.068030347	0.083747611	0.243920212
Hypoxanthine	0.043578764	0.024222509	0.03653204	0.027547427	0.021451891	0.877273609	0.561244324	0.577061478	0.241260749	0.3212425	0.391288236	0.369526548	0.244991918	0.906150932	2.61688724	1.310958535	0.457730346	0.832778891	1.232741408	0.40497439	1.106475732	0.726873013	0.748699591	0.106391945	0.462934326	0.550338597	0.254951902	0.332375673	0.63898384	0.286079177	2.994654977	1.557040505	1.180646199	0.79453418	1.218064215	0.529250852	0.709660312	0.289308682	0.206157841	1.88E+00	6.14E-01	0.631689428	0.120005262	0.349561885	1.654509142	0.577553031	0.941911764	0.734147367	0.371769011	1.614117586	0.654353416	1.147742652	0.003654102	1.794547827	0.614701028	0.833215393	0.630303721	0.746352506	1.419541369	1.613870352	1.205356726	0.028780836	0.439233752	0.587575705	0.161117869	0.159015262	0.494048074	0.423052123	1.086105039	0.330131145	2.10754522	4.719381611	2.98452288	3.158533626	1.397421657	0.906018724
Phenylalanine	2.471367709	0.537288676	2.825204235	0.447352392	0.009390926	4.104562992	0	0	0	0	0	0	0	0	0	7.187616594	0	0.599523953	4.185900419	0	0	0	0	1.3269224	0	0	0	0	0	0	5.392165662	0	0	0	0	0.829062131	3.351338511	0.00E+00	5.71E-02	3.20E+00	4.53E-01	0.470340744	7.56E-01	0.342348047	0	0	0	0	0	0	0	0	0	0	4.005051814	0	0	3.423843392	0	3.547538929	2.599393557	0.189253078	1.869999289	0.554300779	0.963431938	0	0	0	7.100846622	1.536045688	0	4.784702334	4.233128358	0	5.456893185	2.868414251
Inosine	0.048219099	0.013294236	0.009274335	0.032793175	0.011673361	0.391181287	0	2.643078262	1.398053539	1.537802265	0	0.503648639	0.618894985	2.001547092	2.818900942	0.39052198	0.599364854	3.54E-01	1.303321658	2.61E-01	6.00E-01	6.77E-01	2.06E+00	4.74E-03	0	1.47E+00	0.00E+00	1.84E+00	2.809289433	1.892437965	7.925105672	0	0	0	1.384049925	0.322145591	0.383923569	1.024484232	0.078989268	3.39E-03	2.68E-01	0.153757496	0.004456853	1.24E-02	0	1.893526011	1.16755759	0.00E+00	1.492994426	0	0	0	0.524928441	1.071872226	0.015511181	0.427486782	0.797727775	1.472742475	2.875173445	0	1.994801481	0.000429147	0.045007045	0.006735687	0.292020649	0.331471518	4.143883586	1.04034735	0.114195312	0.121155531	2.874639901	3.040320873	0	0	0	0
Guanosine	0.052459049	0.017252657	0.0310189	0.035661227	0.017040616	0.121641393	0.830888847	0.70342393	0	0	0.064107009	0.023195692	0.008872148	0.114876717	0.511703146	0.046608275	0.165045036	0.139493361	0.19810884	0.116283292	0.18972739	0.119021951	0.380073987	0.004855428	0	0.401461333	0	0.351861849	0	0	0	0	0	0	0	0.141080565	0.189590721	0	0	1.9444762	1.684068619	2.078534379	0	0.364280401	0	0.097756862	0.061381771	0.066822792	0.24507914	0.405423321	0	1.31484105	0.846243121	0.783506251	0.048065123	5.53E-01	0.321278694	1.283162335	0.00E+00	0.46371464	0.179567942	0.000424343	1.91E-02	0.007032487	0.074988227	0.064000422	0	1.022172044	2.28E-02	1.51E-01	0.211303617	8.80E-01	0.00E+00	1.65E-01	3.00E-01	0.00E+00
Adenine	0.000160082	0.000290154	9.70E-05	7.90E-05	0.000245324	0.213610522	0.017962185	0.06945581	0.029088097	0.00918981	0.002403259	0.02645532	0.017512781	0.000240563	0.075151964	0.098314813	0.050318898	0.024148872	0.015366874	0.004310066	0.021415522	0.024600954	0.001160007	0.208299728	0.048733772	0.01712582	0.04714736	0.016393141	0.119774909	0.008484821	0.875410474	0.018419117	0.017862098	0.017116162	0.428706964	0.038799505	0.0543625	0.011515896	0.527461374	0.00E+00	8.90E-01	1.811230187	0.70453157	1.462099858	0.019727005	0	0.000155106	0	3.90E-05	0.003008989	0.00330114	0.003989467	0.000121353	0.057400331	0.109457403	0.0844843	0.048681336	0.103141162	0.104117411	0.011747449	0.016554608	0.031666235	0.086962609	0.056490001	0.012641768	0.019902805	0.126109471	0.033577725	0.005616867	0.032597464	0.008783569	0.097193649	0.000353784	0.005636521	0.000299237	0.007683319
Thymine	0.000425968	0	0.000136328	0	0	0.103052445	0.439157475	0.204278036	0.37983291	0.340655486	0.138354214	0.255984934	0.338138433	0.097088958	0.685688196	0.187274017	0.076263001	0.248223156	0.304616991	0.1800775	0.606316864	0.517065446	0.16046894	0.079273429	0.310326952	0.060312511	0.171570328	0.499816603	0.337659779	0.290858767	0.37136933	0.309754845	0.457257242	0.319298099	0.336017328	0.126776821	0.215186071	0.217441219	0.008816534	2.74E-02	2.26E-02	0.019531706	0.004444592	0.008656239	0.428630463	0.080401943	0.122434507	0.053236584	0.085367547	1.251735227	1.223635033	1.109510732	0.001176902	0.90292765	0.063013564	0.131446125	0.198487447	0.214912529	0.434080383	0.466709589	0.311203515	0.01001874	0.20371252	0.073433163	0.084430014	0.108029793	0.574036411	0.119401462	0.070554284	0.033752122	0.14136168	0.685971117	0.069692956	0.259987826	0.175810257	0.102381383
4_pyridoxic_acid	0.000752493	0.000451346	0.000199696	0.000325846	0.000462935	0.013687081	0.01622712	0.031279657	0.036193072	0.024725492	0.037143399	0.047335616	0.050096723	0.032669861	0.041663513	0.040326563	0.00791229	0.008592298	0.008354113	0.069903496	0.01321509	0.044159339	0.021119563	0.002489018	0.103739928	0.073704576	0.041421016	0.004531259	0.01691454	0.010806722	0.021807425	0.024684138	0.040655058	0.053956821	0.013918258	0.008545607	0.019066067	0.027271817	0.000963254	1.56E-02	1.23E-03	0.001725048	0.001190223	0.001276575	0.032518042	0.016164836	0.019689127	0.015983763	0.030713171	0.021780918	0.066136881	0.03360049	0.001226684	0.011931967	0.005939632	0.018665654	0.023417331	0.01302146	0.028862715	0.066301905	0.034247561	0.000621979	0.01191744	0.011467764	0.012410765	0.012713194	0.101965925	0.060555401	0.032495509	0.180619257	0.06436824	1.293542802	1.443519824	0.785994665	0.137765296	0.217243943
Indole	0.292315717	0.057705175	0.14054766	0.060854031	0.009643543	0.164164559	0.224081507	0.424082663	0.076044152	0.295959936	0.212283317	0.208273249	0.217003981	0.794877854	0.367276502	0.281956541	0.172759072	0.01861375	0.144412535	0.709999169	0.408506385	0.622725571	0.784662128	0.067734164	0.233318325	0.63494484	0.260469585	0.560820572	0.68001004	0.370828337	0.237504307	0.36939525	0.590302729	0.435927677	0.558821314	0.027959582	0.083101947	0.174514273	0.00094843	1.11E-02	1.67E-03	0.001409261	0.012384254	0.000245135	0.280508462	0.606760142	0.677305637	0.593350094	0.655163533	0.69373219	0.731368021	1.017678654	4.656204048	1.455105323	0.090668674	0.225808782	0.307523444	0.104639767	0.20588403	0.155609551	0.111429233	0.01626857	0.079571502	0.036443484	0.037303269	0.074189658	0.888916261	0.241174958	0.147060041	0.059198526	0.265640302	0.127043346	0.60013042	0.235245564	0.28118497	1.72E-01
Tryptophan	0.298294938	0.169922363	0.350432009	0.153774014	0.024600201	0.220287397	0.30475614	0.54479379	0.09706863	0.416751529	0.278390559	0.279401155	0.292422811	1.07675464	0.509059477	0.369062983	0.213930904	0.022940636	0.188066069	0.991588269	0.53444752	0.82566829	1.009221966	0.085445826	0.30957526	8.48E-01	0.361732504	0.727984197	0.889722084	0.475435224	0.292753167	0.467315423	7.53E-01	0.612622937	0.751756585	0.030475356	0.097757844	2.24E-01	7.07E-04	1.12E-02	1.35E-03	0.001326931	1.35E-02	0.000383156	0.389689543	0.811404037	0.9137357	0.800212219	8.84E-01	0.953212357	0.964441909	1.364099377	6.150884163	1.896255202	0.10606987	0.270981711	0.400011258	0.139165306	2.67E-01	0.194448058	0.148213647	0.018649195	1.02E-01	0.042072769	0.045819772	0.091413989	1.21E+00	3.14E-01	0.196320014	0.057803525	0.325458534	0.170525774	7.90E-01	3.04E-01	3.54E-01	2.20E-01
Indoxyl_sulfate	0	0	0	0	0	0	0	0	0	0	0	0	0	0	0.000231013	0	0	7.10E-05	0	0.000232905	0	8.07E-05	0.000210076	0	0.000485856	0.000247277	5.98E-05	0	0	0	0.000263164	0.000213825	0.000221459	0.000182188	0.000152255	0	0	0.00E+00	0.00E+00	1.57E-03	0.00E+00	0	0.00E+00	0	0.00015219	0	0	0	0	0	0	0	0.007168766	0	0.000755291	0.001063708	0.001017136	0.000786195	0.001240271	0	0	0	0	0	0	0	0	0.00E+00	0	0	0	0.000237144	2.89E-04	5.57E-04	0.00E+00	0.00E+00
Adenosine	0.001277277	0.000382839	0.000498898	0.000639579	0.000244326	0.174270277	0.20122514	0.285938711	0.135768555	0.064377164	0.014172004	0.016223084	0.023068899	0.148411136	3.761675229	0.031528295	0.061009186	0.030709477	0.029980797	1.73798496	0	0	0.01348861	0.01295878	0.244103075	0.070515517	0.254327694	0.111448031	0.375772688	0.101814083	0.254908263	0.050069831	0	0	0.286088236	1.054041134	0.021193533	0.042839626	0.369686792	1.03E+00	6.67E-01	0.871570462	0.169428481	0.710658354	0.048562376	0.005535625	0.019785161	0.018307779	0.265856034	0.755829231	0.017022954	1.169054739	1.758581429	0.114258124	0.015487685	0.113651006	0.142036685	0.274871991	0.360890088	0.035544944	0.043770323	0.001463614	0.036430513	0.011395384	0.042149465	0.039530251	0.830298707	0.120711895	0.002082846	0.053659625	0.015422103	0.045712621	0.036042354	0.063249822	0.327483654	0.025741443
Pantothenic_acid	0.001941607	0.000746875	0.00093362	0.000872251	0.000556092	0.063420585	0.08976498	0.193115578	0.069479187	0.071715675	0.062470639	0.08630027	0.055686792	0.143237102	0.213579146	0.080873847	0.040980232	0.055257046	0.047535914	0.085808249	0.17236435	0.248667454	0.153335409	0.019143289	0.229827159	0.101792632	0.016286429	0.213248668	0.189465391	0.153132895	0.165146517	0.130150801	0.188628675	0.103137335	0.131434829	0.032159874	0.064326699	0.08037675	0.003226484	7.23E-02	8.07E-03	0.009854245	0.005651751	0.006527573	0.164929823	0.15796457	0.13323103	0.141485216	0.093312985	0.17837894	0.18809818	0.194867711	0.012951251	0.216023421	0.033109074	0.084271272	0.07184641	0.082391401	0.135361988	0.158946679	0.100574084	0.001505738	0.029586946	0.019632273	0.029142531	0.035246903	0.299839297	0.014009999	0.039163014	0.009360581	0.181865692	0.230288201	0.334208343	0.554045489	0.03857688	0.056146369
Thymidine	0.009530471	0.013594938	0.017925981	0.011659055	0.006796492	0.010278505	0.272882645	0.059795127	0.123256469	0.151850395	0.101565131	0.045912921	0.049975833	1.46E-02	0.136618378	1.60E-02	0.007095824	1.39E-01	0.048371258	1.22E-01	2.06E-01	1.61E-01	3.18E-02	4.76E-02	0.198557275	1.88E-02	3.55E-02	6.01E-01	4.51E-01	4.41E-01	0.052842317	9.97E-02	1.82E-01	2.90E-01	8.27E-02	0.029290398	3.61E-02	0.091002531	2.78E-02	4.44E-01	1.31E-02	3.38E-02	1.71E-02	0.022578843	0.135207423	0.017444241	9.99E-03	2.64E-03	0.013931426	0.119718639	0.064104107	0.117416261	0.218562748	0.15956088	0.086787884	0.090293158	0.082378799	0.135867484	0.189969574	0.181678387	0.230577	0.009155343	0.121837268	0.042181042	0.026031839	0.027335659	0.487698886	0.028441235	0.002707023	0.06899931	0.009786447	0.293017751	2.58E-02	2.87E-02	6.80E-02	0.017479678
Isovaleric_acid	1.538139461	0.432163608	0	1.320932417	0.055196425	0	0	0	0	0	0	0	0	0.635640423	0	0	4.122119045	0	3.44837185	0	0	0	3.418855122	0.175078495	0	0	0	0	0	0	0	0	0	0	0	0	0	0	0.060588826	0.00E+00	1.07E+01	0.334394014	0	0.197868883	0	0	0.086591921	0	1.102481399	0	0	0	0.010133734	0	0.098442388	0	0	0	0	0	0	0	4.588006283	1.000772321	0	0	0	0	6.01154137	0	5.430289117	0	0	0	0	0
Fructose	0	0.000366604	0.000114054	0.000200613	0	0.000770515	1.46E-03	0.000160461	5.71E-04	0.000238768	0.000428513	0.000255299	3.28E-05	8.16E-05	0.000526113	0.000482645	0.000210531	5.96E-04	0.000317223	0	1.72E-04	2.61E-04	1.76E-04	1.09E-04	0.000403028	3.97E-04	9.99E-05	0.000167388	0.000250349	3.53E-05	0.001434679	0.000551203	0.000902024	0.000858402	0.000805252	0.000221537	0.000157561	0.000138525	0	1.62E-03	1.93E-04	0.000181985	0.000105438	2.86E-04	0	0.000158407	0.000174906	5.42E-05	0.000152947	0.000451928	0.00023415	8.81E-05	0.000695513	0.000299921	0.000167567	0.000293746	0.000147422	0.000567179	0.000356047	0.000291464	0.000399976	0.00020088	0.000406828	0.000913587	0.000227519	9.76E-05	0.000660538	0	0.000211168	0.001182911	0	0	0	0.000145076	0.000159094	0.000198137
Hippuric_acid	0.000134663	8.79E-05	0.000136776	0.000156409	0.000141965	0.000203179	0.000205326	0.000268122	0.00015512	0.000132925	0	2.51E-05	0	0.000188827	0.000521146	0.000803157	0.000263344	0.000340303	0.000394044	0.000257078	0.000150606	0.000147856	0.000135409	0	7.51E-05	0.000126632	0	0	0	0	0.001095295	0.000219109	0.000191136	0.000130119	0.000889802	0	0	0.000131813	0.000128591	1.15E-03	4.10E-04	0.000355229	0.000167181	0.000384203	0.000435752	0.000104818	0.000198101	9.34E-05	5.56E-05	0	0	0.000115732	0.000290239	0.00011026	0.000332137	0.000510543	0.000490672	0.000336923	0.000364834	0.000433192	0.000274122	0.000220101	0.000509999	0.000859064	0	0	0.000140047	0	0.000154256	0.000287898	0.000125635	0.000471161	0.000339986	0.000180023	0.000310472	0.000140668
4_Hydroxyphenylacetic_acid	0	0.002683628	0.001158688	0.001760974	0.000694378	0.120039806	0.052119564	0.072179437	0.052144043	0.085625195	0.000473595	0.115330168	0.038205472	0.00151011	0.77940096	0.497855442	0.187745906	0.384944431	0.183239508	0.359772759	0.100298745	0.066822118	0.115258177	0.075457593	0.118926066	0.210084077	0.163656918	0.090144087	0.132873935	0.033975663	0.388104615	0.206147173	0.227956084	0.123432395	0.296498683	0.046773073	0.398192678	0.209176905	0.012747853	3.14E-03	2.73E-02	0.033280006	0.023042528	0.027198776	0.057684176	0.003665871	0.00279695	0.003616731	0.001323935	0.553821266	0.364081119	0.367085758	0.001455673	0.270447018	0.106969591	0.156934497	0.108882386	0.144365204	0.191849811	0.230829679	0.275360983	0.024392065	0.131751385	0.140106755	0.031807047	0.215661221	0.786790823	0.093797396	0.021333351	0.161074677	0.045067379	0.206186469	0.008120513	0.018061037	0.074665413	0.162240831
3_4_Hydroxyphenylpropionic_acid	0	0	2.89E-06	1.28E-05	2.12E-06	0.000836878	0.001063323	0.074408953	0.000701253	0.000678331	0.002909804	0.020148706	0.001372764	0.823067036	0.002481907	0.443190066	0.015574314	0.011591567	0.031649097	0.006093406	0.000551289	0.000634424	0.02034693	0.004971568	0.001718923	0.128781821	0.00075356	0.021273958	0.403310434	0.000475062	0.001248746	0.001957497	0.001980559	0.32225168	0.001043853	0.340544307	0.344578406	0.326246325	0.052132838	9.33E-04	1.80E-02	0.188092415	0.012911524	0.014011376	0.004024522	0.66622793	0.898116576	0.745991965	0.459975083	0.121624384	0.096577794	0.003913977	0.000161514	0.000712035	0.022952062	0.002260982	0.002002413	0.00069039	0.004224762	0.269483273	0.646569341	0.000264613	0.005147915	0.020132558	0.201097474	0.183268929	1.209839401	0.003499683	0.054141425	0.26307106	0.024721418	0.672121655	1.279508328	0.002617069	0.009509843	0.003436895
Phenyllactic_acid	0	0	0	0.010515275	0.018654743	0.001106946	1.23E-03	0.076554322	9.27E-04	0.000734496	0.003150104	0.020946595	0.001542819	0.764583794	0.003019527	0.441184973	0.016752334	1.27E-02	0.034453815	0.000909935	7.38E-04	7.71E-04	2.20E-02	5.61E-03	0.001930361	1.29E-01	0.00075907	0.02278407	0.39734267	0.000550289	1.48E-03	0.002363338	0.002376434	0.291931685	0.001278944	0.33925213	0.342070213	0.317941904	0.053836107	1.25E-03	1.91E-02	0.193019107	0.014014887	1.58E-02	0.000407586	0.632357976	0.865278005	0.706896692	0.450160099	0.124679748	0.097865182	0.004446055	0.000227762	0.000795741	0.024845061	0.000616148	0.000680956	0.000856047	0.004656891	0.269284028	0.629339667	0.000299067	0.00590094	0.021849605	0.195632146	0.180395958	1.173508183	0.003955518	0.057707398	0.266450195	0.026779764	0.660350184	1.216385247	0.000519728	0.01058206	0.003859076
Thiamine	0	1.678628568	0	0	6.223496828	0.043181952	0.139297264	0	0	0.024471745	0	0	0	0	0	0.013379227	0	0	0.04483113	0	0.094123898	0	0	0	0.026403223	0	0	0.025595701	0	0	0.111700375	1.519727814	0	0	0.874016373	0	0	0.057521993	0	0.00E+00	0.00E+00	0	0.771207465	0.035202696	0	0	0.042633108	0	0	0.134250362	0	0	0	0	0	0	0	0.030119181	0	0	0.034941387	0	0	0.081750868	0	0.051782024	0	0	0.029943829	0	0	0	0.021581577	0.263814627	0	0.007921936
Phenylacetic_acid_	0.318640013	0.001218475	0.001057675	0.006913655	0.188674625	0.314193712	0	0	0	0	0	0	0.393877986	0	0	0	2.666374585	0.188138725	0.070268147	3.468235836	0.094764576	0.355686391	0.000612582	0.560243592	3.142073523	0.412738658	0	0.436387409	0	1.735747739	3.647471775	0	0	0	0	0.374096954	4.575033255	0	0.072631421	2.62E-02	5.85E-04	0.153106781	0.178392006	0.04798237	0	0	0	0	0	0.20157339	0	0	0.01494217	0.027576848	0.607403936	0.391594583	0	2.943506969	0	0	1.99859057	0.246039724	0.000258829	6.805965001	0	0	0	0.311447453	0.014274917	0.263238344	1.024392095	4.682483955	1.993190953	0.225963661	0	0
Phenylpropionylglycine	0.000109973	9.56E-05	0.000119634	8.90E-05	7.78E-05	0.00E+00	0.00E+00	8.29E-05	1.23E-04	5.21E-05	0	0	0.000394594	0.000115944	0	0.00E+00	0.00E+00	0.00E+00	0.00E+00	0.00E+00	0.00E+00	0.00E+00	0.00E+00	0.00E+00	0.00E+00	1.61E-04	9.42E-05	0.00E+00	9.84E-05	1.78E-04	0	0.00E+00	0	0	0	0	0	4.82E-05	0	0.00E+00	0.00E+00	0	0.00E+00	0	0	5.77E-05	6.35E-05	6.11E-05	9.72E-05	0	0	0	0	9.71E-05	0	0	5.65E-05	0	0	0.000131458	0	0	0.000122157	0	0	0	0.000133064	0	0	0	0	0.000154324	0.00E+00	0.00E+00	0.00E+00	0.00E+00
Folate	0.00258912	0.003167458	0.006597673	0.001453335	0.002203032	0.004014509	0.005807531	0.00066724	0.004079583	0.00306976	0.002511734	0.002423894	0.003394521	0.005219093	0.011666897	0.003717577	0.003550231	4.10E-03	0.006052597	0	5.42E-03	0.003922716	0.004608914	5.04E-04	0.012273735	0.001086958	0.00023862	0.004646877	0.001344814	0.000681015	0.005921024	0.006266483	0.004613326	0.006156434	0.00280396	0.030822909	0.053175401	0.040025371	0.000286714	2.79E-03	6.45E-04	0.000883459	0.001484116	0.000961468	0.001973101	0.00502671	0.009151484	0.007028624	0.002918999	0.007587664	0.008386514	0.008574556	0.003009374	0.019742149	0.001101954	0.001559544	0.006451677	0.006926223	0.018859134	0.009500274	0.003183086	0.000163502	0.001455374	0.00049114	0.018390932	0.026682678	0.129627303	0.000596105	0.001002163	0.000205205	0.002583305	0.019114818	0.006628985	0.039260544	0.001440077	0.001261527
Cinnamoylglycine	9.30E-05	5.74E-05	9.45E-05	7.63E-05	6.52E-05	0	0	0	0	0	0	0	0	0	0.000145669	0	0	0	0	0.000157358	0	0	0	0	0	0.00E+00	0	0	0	0	0.000379599	0	0.00E+00	0	0.000294879	0.00E+00	0	6.19E-05	0.00E+00	0.00E+00	0.00E+00	0	0.00E+00	0	0	0	0	0	0.00E+00	0	0	9.42E-05	0.002325062	0.000739119	0	0	0	0	0.00E+00	9.97E-05	0	0	0.000107846	0	0	0	0.00E+00	0.00E+00	0	0	0	0.000118573	0.00E+00	0.00E+00	0.00E+00	0.00E+00
Indole_3_propionate	0	0	0	0	0	0.003995724	0.002047194	0.00526691	0.003789127	0.0017746	0.002108064	0.001862867	0.001623648	0.004124597	0.003192055	2.60E-03	0.000646423	0.000421249	0.001331271	0.001766283	0.001302396	0.002418717	0.001482341	3.46E-04	0.003012619	2.39E-03	0.001601138	0.001301554	0.004538466	0.001770285	0.002058365	0.006453508	6.94E-03	5.10E-03	2.70E-03	6.47E-05	5.46E-05	2.26E-05	0.00E+00	0.00E+00	0.00E+00	0	7.39E-05	0	0.002356278	0.001741504	0.005929636	0.002106528	1.40E-03	3.07E-03	0.002983126	0.003376136	0	0.001779129	0.00150326	1.83E-03	0.002861491	1.56E-03	1.30E-03	0.003031802	0.003978561	0.000187356	1.72E-03	1.82E-03	0	1.76E-05	0.00E+00	8.06E-04	0.000457183	3.33E-04	1.10E-03	5.59E-03	6.47E-03	1.24E-02	1.16E-03	1.69E-03
Hydrocinnamic_acid	0.000224351	0	0.000365628	0	0.000225612	0.102361377	0.125702433	0.260743227	0.101387395	0.085728244	0.075484678	0.061700904	0.05447555	0.001072847	0.486239934	0.248811483	0.084885071	0.017175393	0.096877383	0.046872722	0.055862738	0.066858499	0.058043456	0.00674458	0.218705365	0.366888744	0.076898813	0.0396203	0.19898781	0.065483123	0.091850252	0.402527847	0.404291023	0.322163631	0.096787013	0.000242427	0.000961433	9.59E-05	0.012769484	1.32E-01	2.59E-02	0.026671173	0.023363949	0.041796578	0.063307364	0.000330176	0.001163089	0.000501649	0.000253425	0.08643083	0.113739913	0.106528849	0.000129786	0.063509806	0.039161319	0.042193149	0.145921811	0.082815258	0.078044695	0.529938212	0.246488588	0.004020376	0.145477973	0.064328435	0	6.52E-05	0	0.019050054	0.065143411	0.013286836	0.049213174	0.349307579	0.11523996	0.096246566	0.034217853	0.039812056
Betaine	0	0	0	0.184279299	2.364307696	0	0	0	0	0	0	0	0	6.13E-05	0	0.00E+00	6.60E-06	0	0	0.000151683	0	0	0	7.72E-06	0	0.00E+00	0	0	0	0	0	0	0.00E+00	0.00E+00	0.00E+00	0.00E+00	0.00E+00	1.50E-06	0.00E+00	7.38E-05	0.00E+00	0	0.00E+00	0	0	0	0	0	0.00E+00	0.00E+00	0	0	0.017034907	0	0	2.37E-04	0	3.03E-04	0.00E+00	0	3.17E-05	0	0.00E+00	0.00E+00	0	0	0.00E+00	0.00E+00	0	0.00E+00	0.00E+00	0.00E+00	3.17E-03	0.00E+00	0.00E+00	0.00E+00
Caproic_acid	0.006415363	0.004129774	0	0.003364375	0	0.003385724	0.00266964	0.02325966	0.021614632	0.023069148	0.00024893	0.018506131	0.005934925	0.012079195	0.001239891	0.01073173	0.001437238	0.014041393	0.00047963	0	0.001582145	0.004649299	0.004664156	0.000168741	0.016911335	0.004014116	0.01687866	0.010115001	0.000464729	0.007975914	0.002676391	0.000420152	0.014809904	0.021644884	0.010902766	0.002265882	0.006084727	3.91E-04	7.92E-03	5.73E-03	6.63E-03	0.018734072	4.33E-03	0.016690029	0.012409187	0.007429259	0.01060687	0.034002079	0.000525298	0.014241232	0.021215384	0.027489118	0.000208311	0.001654065	0.006730989	0.005505511	0.008132489	0.011900673	0.018778804	0.063526599	0.012173278	0.001323925	0.003932171	0.003888426	0.000788773	0.005125595	0.015864257	1.57E-02	0.004512807	0.052544012	0.023784409	0.099410304	3.65E-01	1.89E-02	4.90E-02	2.06E-02
Taurocholic_acid_3_sulfate	0	1.05E-15	0	1.51E-09	0	0.010241514	0.001162966	0.009920315	0.00188722	0.003202391	0	0.000474761	0.000172835	0.002202913	0.010647489	0	6.00E-05	0.000603609	0.001641733	0	0	0	0.001207249	0.309595112	0.003329676	0.001086234	0	0	1.594226113	1.170570198	0.005365955	0.001080528	0.004814465	0.002007793	0	0	0.002644674	5.81E-04	1.38E-04	1.55E-03	0.00E+00	0.000194312	5.05E-04	0	0.003157566	0	0.000952006	0.009481354	0	0.117358881	0.003330086	0.003230809	0.000146512	3.123517807	0.097678802	0.018561374	0	0.859471122	0.009266805	0.000209967	0	0.001490651	0.002821607	0.001033494	0.000432717	0.000586403	0	6.99E-05	0.000120835	0.00402815	0.003371559	0.000115127	0.00E+00	3.91E-04	0.00E+00	2.48E-04
Glucosamine	0.011423536	0.00011075	0.00026279	0.000172662	0.00012528	0	0	0	0.001342077	0	0	0	0	0	0	0	0	0.00E+00	0	0	0.00E+00	0	0	0.00E+00	0	1.10E-05	4.99E-06	0	0	0	0	0	0	0	0	0	0	0	0	0.00E+00	0.00E+00	0	0	0.00E+00	0.074876686	0	0.047164509	0	0	0	0	0	0	0	0	0	0	0	0	0	0	0	0	0	4.97E-07	0	8.45E-06	0	0	0	0	0	0	0	0	0
Cholic_acid	0	0	0	0	0	0.079654921	0.025761192	0.345101543	0.04043787	0.35015406	0.013375494	0.001203133	0.002097694	0.032320033	0.001550589	0.246931407	0.007567884	1.31E-04	0.000218795	0.726213456	5.94E-02	0.878184418	0.229164372	4.49E-04	0.000298429	0.013837049	0.000578779	0.000959995	0.142721843	0	0.039321785	0.048520453	0.179751846	0.261238592	0.178546615	0.227907177	0.379909278	0.493240088	0.003776889	5.92E-03	6.61E-03	0.013275238	0.000627976	0.000270106	0.079219888	0.085297817	0.000201369	0.062306324	0.202473046	0.270026889	0.046252476	0.148259052	0.001083263	0.56342686	0.037476708	0.053715923	0.039679702	0.010825795	0.005948855	0.688147351	0.106430946	0.076108024	1.017392301	0.117636411	0.141057458	0.158023905	1.38390599	0.420206551	0.021291965	0.00039366	0.001014326	8.40E-05	0.315113452	0	0.005017632	1.048643828
VitaminK1	0	0	0	0	0	0	0	0	0.497516224	0	0.029771463	0	0	0	0.147991481	4.30E-01	0	0.00E+00	0	0	3.00E-01	0	0	0.00E+00	0	0.446804908	5.28E-02	6.23E-02	0.00E+00	0.00E+00	0	0.00E+00	0	0.00E+00	0.00E+00	0.00E+00	0.00E+00	1.91E-01	0.00E+00	0.42473702	0.170818736	0	0.00E+00	0	0	0	0	2.05E-01	0	0	0	0	0.00E+00	0.00E+00	0.00E+00	0.00E+00	0.539110499	0	0	0	0	0.168882354	0	0	0	0.130163133	0	0	0	0	0	0	0.00E+00	0.00E+00	2.36E+00	0.00E+00
Deoxycholic_acid	0	4.32E-13	0	3.07E-12	0	0	6.22E-06	5.53E-06	0	0	0	0	2.39E-06	8.11E-06	0	0.00E+00	7.27E-06	1.12E-05	0	0.00E+00	1.03E-05	6.93E-06	0.00E+00	1.65E-05	4.96E-06	5.30E-06	0.00E+00	0.00E+00	0.00E+00	3.87E-06	1.96E-05	0.00E+00	6.13E-06	5.72E-06	1.31E-05	1.86E-05	1.31E-05	0	6.26E-06	0.00E+00	0.00E+00	1.74E-05	6.82E-06	2.00E-05	4.40E-06	0	0.00E+00	0.00E+00	3.65E-06	0	0	6.00E-06	1.54E-05	0	9.75E-06	6.89E-06	0	1.10E-05	6.07E-06	7.64E-06	0	0	7.88E-06	0	0	5.26E-06	1.17E-05	0	1.96E-05	0	1.25E-05	1.45E-05	0.00E+00	0.00E+00	8.14E-06	0
Putrescine	0	0	0	0	0.007728442	0	0	0	0	0	0	0	0	0	0	0	0.308277974	0	0	0	0	0	0	0	0.97099895	0	0	0	0	0	0	0	0	0	0	1.267936944	3.665415538	1.625909866	7.67E-01	8.51349214	1.425943965	0	0	0	0	0	0	0	0	0	0	0.00E+00	0.00E+00	0.00E+00	0	0.00E+00	0	0	0.00E+00	0	0	0	0	0	1.208588637	1.328135432	0.496427647	0	0	0.00E+00	1.531203487	0.00E+00	1.81E+00	2.71E+00	0.00E+00	0.00E+00
Carnosine	0.000969983	0.00015107	0.000598044	0	0.000351154	0.61040724	0	0	0	0	0	0	0.041415806	0	1.747505442	0.752378963	0.065096934	0.508722712	0.38521023	1.931374823	2.377711144	0	0	2.808773083	0	0	0	0	0	0	0	0	0	0	0.077091427	0.883838624	1.918332709	0	0	3.68E-01	1.67E-02	0.027181452	0.19368331	0.021076329	0	0	0.209142413	1.837947893	0	0	0	0.544249257	0	0	0.184280215	2.273137541	0	0.191134258	0.162168686	0.198684694	0	0	0.002690743	0	0.821638647	0	0	0.258797383	1.354909505	0.409250626	0.472966918	0.654766292	0	0.125880019	0.0233558	2.147589504
Argininosuccinic_acid	0	9.35E-05	0	0	0	0	0	0	0	0	0	0	0	0	0	0.017247871	0	0	0	0	0	0	0	0	0	0	0	0	0	0	0	0.008364484	0	0	0.010679893	0	0	0	0.000800361	0.00E+00	5.39E-03	0.00732846	0	0	0	0	0	0	0	0	0	0	0.025423667	0.009080127	0.036490759	0.004823808	0.02566661	0.004109228	0	0.004605678	0.005272213	0.010173355	0.004020786	0	0	0	0	0.144822784	0.108644472	0.08811815	0.873430847	0.040241343	0.013342246	0.008974409	0.003815695	0.004214851
N_methylglycine	0.027611533	0	0	0	0	0	0	0	0	0	0	0	0	0	0	0	0.649071791	1.151609284	0	0	0	0	0	0	0	0	0	0	0	0	0	0	0	0	0	0.710159325	1.123000916	0.506522881	0.147482518	2.88E+00	5.42E-01	0.440779868	0.206430908	0.864872735	0	0.337328964	0	0.538271252	0.316071568	0	0	0	0	0	0	0.788016076	0	1.199147724	0.965101493	0	0	0	0	0	0.249764368	0.329611177	0.820362007	0	0	0	0	0	0	0	0	0.648525997
Alanine	0.027611533	0	0	0	0	0	0	0	0	0	0	0	0	0	0	0	0.660649859	0	0	0	0	0	0	0	0	0	0	0	0	0	0	0	0	0	0	0.722170062	1.14406389	0.515881183	0.149509842	2.93E+00	5.49E-01	0.446888996	0.209242743	0.87795652	0	0.343335527	0	0.548607136	0.321854691	0	0	0	0	0	0	0.802426346	0	1.221838962	1.177081116	0	0	0	0	0	0.25424411	0.335489825	0.833681551	0	0	0	0	0	0	0	0	0.660243233
Cytidine	0.129621424	0.00407373	0.00230991	0.002822626	0.001899746	2.841904332	0	0.030534785	0.015864758	0.269754231	0	0.116888059	0.181572738	0.131402832	1.081600255	0.776772988	0.172066131	1.551265596	1.886157627	4.719986516	3.493554142	2.622420861	0.040687378	0.561160705	0.241498808	2.51400803	0.570550904	0.081310078	2.821638987	0.360661267	0	4.790496396	3.86E+00	0.02525202	2.24E+00	2.451217564	0.00E+00	4.12E-02	0.00E+00	0.00E+00	4.26E+00	8.032800218	0.00E+00	6.405449365	0.191322653	0.698220606	0	0.387284214	0.00573086	0	0	5.22653989	3.652822558	0.061053941	1.666212783	0.559755228	1.373669512	0	1.973476279	2.977898044	2.025273033	0.086442247	0.04267019	0.823625824	0.310938442	0.291633694	1.234192622	0.839235457	0.311480307	1.470174516	0.336298499	0	0.00E+00	9.65E-01	2.22E-01	2.34E+00
Methionine_sulfoxide	0	0.000620901	0.000735042	0.000517896	0	0	2.07E+00	1.83E+00	1.37E-01	5.57E-01	0.00E+00	1.402330059	0.1501489	0	0.00E+00	0	0.00E+00	0.00E+00	0.00E+00	0.00E+00	0.00E+00	0.00E+00	0.00E+00	0.00E+00	0	0.00E+00	0	0	0	0	0	0	0	0	0	5.858918591	0	1.96E+00	0.953853862	0.00E+00	7.20E+00	5.866321367	0.598586284	1.169799305	0	0	0.00E+00	0.00E+00	0	0	0	0	0.00E+00	0.00E+00	0.00E+00	0.00E+00	0	0	0	0	0	0	0	0	0	0.856806993	0.82432801	2.147324718	0	0	0	0	0	0	1.122583181	0
Creatine	0.030589914	0	0	0	0	0	0.07605091	0	0	0	0	0	0	0.951281567	0.132321427	0	0.042237078	0.003399629	0.002375523	0	1.649276113	1.308403101	1.47402786	5.54675977	2.091784122	2.413266636	0	0	1.519844486	0	7.989595929	3.173609437	0	0	0	0.903589561	1.680683145	9.66E-01	1.23E-01	2.94E+00	2.33E-01	0.310547042	2.72E-01	0.514457469	2.39508755	0.167354044	0.584587901	1.856499804	0.556338902	0	1.521008379	2.817137237	0	0	0.552672851	0.107391969	2.178992249	0.586605885	0.187077878	0	0	4.281445237	1.846958629	0	0.362531604	0.377912431	0.906867324	1.751229359	0	7.729937271	0	0	0.00E+00	0.00E+00	0.00E+00	6.21E-01
Glycine	0.067552935	0	0	0	0.165026617	1.637109938	0	0	0.00E+00	0	0	0	1.264773043	0	7.5951665	0.681988172	0.06238136	1.34E+00	2.298459806	0.021751605	0.00E+00	0	0.854657495	4.21E-01	0	0	0	0	3.081400021	0	0	2.128883784	4.214634155	0.949585278	3.329967134	1.877822528	0.057649792	0	0.277250774	0.00E+00	5.49E-01	0.233448408	0	7.57E-01	0.472616959	0	0	0	0	0.765619149	0	2.209711552	0	1.870350436	0.878117363	0.373495838	2.675425619	1.659733079	0.928866826	0	0	0.186907454	0.092792014	0.83458592	0.418703145	0.713552025	0	2.45579465	2.830243401	1.355693939	0.492505873	1.751724885	2.91565899	0	0.613229787	0.043857581
Spermidine	0	0	0	0	0	0	1.494594995	0	1.563126825	1.859891746	0	0.833347	0	1.371795778	3.360572336	0.567356772	0	0	0	6.022715764	0	1.765287442	1.462459304	0	2.571327469	0	0	0	0	0	6.213354571	2.695991988	0	2.263768928	1.701010717	3.364729471	0	0	0	0.00E+00	0.00E+00	0	0	0	0	0	0	1.186973537	0.00E+00	3.906709052	0	0.00E+00	1.433494295	0	0	0	1.292154131	0	0	1.85839567	0	0	0	0	0.457051184	0	0	0	0	0	0	0	0	0	0	0
Cellobiose_Lactose_Maltose	0.091835602	0	0	0	0	0	0	0	0	0	0	0	0.004447432	0	0	0	0	1.588249193	0	0	0	0	0	0	0	1.55588256	0	0.075295278	0	0	0	0	0	0	0	0	0	0	0	0.00E+00	0.00E+00	0	0	0	0	0.396566456	0	0	0	0	0	0	0	0	0	0.000243417	0	0	0	0	0	0	0	0	0	0	0	0	0	0	0	2.087802708	0	4.417059684	0	0
Cytidine_5_Monophosphate	0.004467182	0	0	0	0	4.709814224	0.095962908	0.3285934	0.399494798	0.054803119	0.029101231	0.02827398	0.059446492	0.007579983	0	0	0	0	8.257681265	0	0	0	1.252920352	4.256271106	0.031244383	0.823813281	0.051720014	0.061199627	0.16438789	0.033447227	0	0	0	1.605843019	3.050965032	0	0	1.134372971	1.74E+00	0.00E+00	2.56E+00	2.041885364	4.93E-01	1.617644086	1.479095092	0.007220002	0.001952998	0.00326813	0.001670783	0	0	0	0.033853549	0	1.40742191	0.843067627	0.097782316	1.020887356	0.015323756	0.199803008	4.691147024	0.2126763	2.539503929	0.919799963	0.6733238	0.322214042	0.027055729	0	0.255957877	2.293093036	0.627929168	3.335540887	0	0	0	0.00E+00
1_Methyladenosine	0.024405681	0.006748879	0.027546921	0.041656519	0.013150184	0.008577339	0.006315577	0.002379576	0	0.000772332	4.16E-05	0	0	0.000126678	0.02510693	0.036599783	7.88E-04	4.26E-03	6.32E-03	2.04E-03	8.22E-03	2.61E-03	0.001443082	1.65E-03	0.00054195	1.30E-04	3.39E-04	8.44E-04	8.01E-04	1.83E-04	0.002788166	0.006724758	2.70E-03	0.00095927	0.000749632	3.72E-03	0.007209162	0.00E+00	1.16E-03	0.001210579	0.00309701	0.00172182	3.93E-04	0.000111891	0	4.67E-05	0.000269766	2.62E-04	1.24E-04	9.00E-03	4.06E-05	2.84E-03	1.31E-03	0.002491004	0.002308188	4.95E-04	0.000786582	0.002821495	0.003046013	0.006101002	0.002497312	0.001707787	0.010009806	0.021832975	2.97E-05	0.000339976	0	0.001310552	0.000136724	0.01436549	0.002492788	0.011401321	2.17E-02	0.005723221	0.002846608	0.005024794
2_Deoxycytidine	0.014549424	0.005467687	0.026670222	0.022679819	0.003653207	0	1.297942862	0	1.741597697	0	0	0	0.147647225	2.77150954	0	1.14E+00	9.43E-01	4.38E-01	2.364298141	0.00E+00	1.58E+00	3.96E+00	3.22E+00	5.79E-01	0	2.73E+00	0.00E+00	0.00E+00	0.00E+00	0.00E+00	1.891162077	0.00E+00	1.98E+00	0.388019273	2.200300328	0.00E+00	0	1.01E+00	1.66E+00	3.00E+00	1.97E+00	0.951549065	4.21E-01	0.165964722	1.49936037	0	2.730248899	0.00E+00	0.00E+00	2.16E+00	0.00E+00	1.72E+00	1.86E+00	0.00E+00	1.52E+00	1.73E+00	0	0	0	2.250993107	0.46046565	0.605391047	4.698621076	8.081126392	0.809444425	0	0	0.430812292	0	0.12599751	0.746208007	2.042491362	1.22E-03	1.75E+00	0.00E+00	3.17E+00
Arabinose_Ribose	0	0	0.027840026	0.008498894	0	0	0	0	0	0	0.123904498	0	0	0	0	0.00E+00	0	0.00E+00	0	0	0.00E+00	0	5.02E-01	6.21E+00	0	0.00E+00	0	0	0	0	0	0	0.00E+00	1.094595234	0	0	0	0.031512658	8.11E-02	2.38E+00	6.84E-01	0.822384429	9.83E-01	1.672766708	0	0	0	0	1.54E-02	0	0.00E+00	0.228458772	0	0	0	0.00E+00	0	0	0	0	3.986926192	0.993676918	0	9.44388401	0.661625638	0	0.537340699	0	0	0	0	0	0.00E+00	0.00E+00	0.00E+00	0.00E+00
Cytosine	0.003462206	0.001254143	0	0	0	1.277830139	3.82E-01	3.73E-01	1.74E-01	0.09903142	0.087696443	0.017409207	0.072874422	0.074692712	4.850182222	3.16E+00	1.02E+00	1.07E+00	1.80E+00	4.09E+00	3.10E+00	3.34E+00	9.31E-01	4.73E-01	0.292949197	7.61E-01	2.05E-01	3.37E-01	5.57E-01	3.68E-01	0	5.21E+00	2.89E+00	0.291583587	0.915193954	2.541520819	3.950597286	0.475490687	0.00E+00	0.00E+00	6.82E-01	3.794222184	0.00E+00	4.344867616	0.068386549	0.205887157	0.067393237	0.113289787	0.00777582	4.512736689	2.689212062	2.666913733	0.937958729	0.575888642	0.745374296	0.237599545	0.358498258	3.230106468	0.984665241	1.078165524	1.591174934	0.200250285	0.729702806	0.528613532	0.212164333	0.268933765	0.304768667	1.682223607	0.13465726	1.033369984	0.342324277	2.580333825	0	3.01E+00	2.89E+00	1.65E+00
N_acetylornithine	0.000505912	8.87E-05	0.000339099	0.000146262	0.000101351	0.585087439	0	0	0	0	0.663118051	0.320667143	0.430474739	0	0	0	0	0	0	0	4.929867764	0.241940967	1.191880175	0	2.663155261	0.523440918	1.051118687	3.937254427	2.415847879	0	0	0	0.688346269	0.219745304	2.316196731	0	1.018099126	0	0	0.00E+00	0.870076842	0	0	0	0.476361836	1.043504463	0	0.811240948	0.678659191	0	0	0	0	0	0	0.456657728	0.38456926	0	0	2.943774945	3.922219264	0	0.000919704	0	0.171888238	0.258583168	0	0	0	0	0	0	0.383957244	0	0.879636879	0.243578546
Ophthalmic_acid	0.024947209	0.000225029	0	0.014532788	0.00019837	0.00853622	0.004429085	0.016120036	0.004391876	0.002217062	0.01341835	0.007032978	0.006673125	0.009299625	0.140564114	0.036517668	0.002652671	0.01951788	0.011778192	1.36313843	0.189819857	0.142035877	0.501781252	0.020802935	0.018601597	0.059163611	0.059577605	0.022538488	0.026738964	0.012865524	0.034504337	0.031879974	3.86E-02	3.27E-02	1.57E-02	7.25E-02	1.20E-01	0.029114187	8.21E-03	8.46E-02	2.29E-02	1.96E-02	3.54E-03	0.00575805	0.00421091	0.02443621	0.027431461	1.73E-02	0.011118798	0.072556374	0.419649776	0.274467747	0.059348956	0.008088527	0.052835423	0.010354223	0.007266129	0.132543459	0.074070345	0.009418145	0.019795648	0.007921354	0.015790109	0.034245856	0.005137399	0.013015017	0.030709053	4.78E-03	0.048366265	0.004507156	0.01519608	0.021844033	0.032013885	0.035262735	0.006476201	8.69E-03
Sorbitol	0	0.017625183	0.018613835	0.013593971	0.021408691	0.448687623	0.762543601	0.346551414	0.130600948	0.301837792	0	1.225971457	1.280243084	0.824016311	5.422907844	0.268937408	1.061571234	0.556494171	1.621477617	0	0	0	0	2.937102545	1.308792659	0	0.216352102	1.558563036	1.925184702	0.701884293	0	0	0	0.035812445	0.410682011	0.874744943	0.227246184	0.087181135	0.205643757	0.697628518	2.781890176	2.615837514	1.130691013	0.395224908	0.626425305	0	0	0	0	0	0	0	0.558779412	0.737291486	3.000976168	0.717147265	2.118734859	1.466687919	0.421725774	0.172086451	0.231197539	0.160047419	0.692844115	0.194012763	0.13115494	0.742304059	0.95866441	3.257002955	4.025277825	0.648638316	6.274701322	5.741368129	0.032456805	3.129246487	0.8524266	0.000501899
Hydroxypropionic_acid	0.979898649	0.025410891	0.006454977	0.010584624	0.004180826	0	0	0.014536827	0	0.061289619	0.030259769	0.047016807	0.04734061	0.009417048	0	0.006479552	0	0	0	0.005320597	0	0.001381345	0.201586795	0	0.330894393	0	0.00147918	0.138001361	0.206955985	0.06669853	0.006922879	0.010475162	0.258288185	0	0.232950948	0	0.248601479	0	0.065535121	0.651711861	0.165185516	0.150661194	0.082779286	0.230761371	0.001584486	0.050638371	0.074183525	0.065045182	0.030799837	0	0.00126485	0.003838924	0.336014932	0.144479495	0.003758009	0.002038498	0	0	0.005222883	0.008607328	0.187538237	0	0	0	0	0	0.295435971	0	0	0.025971996	0	0.022679207	0	0	0.219395669	0
Methionine	0.200530933	0.015407401	0.265365699	0.010614704	0	4.342228619	0	0.832793785	0.432509302	0	0.146510186	0	0	0	0	0	0	0	0	0	0	1.707786	0	2.351014043	1.552447941	0	0	0	0	0	0	0	0	0.739694828	0.213012291	0.334638961	0	0.170276681	0.157129048	2.405105349	1.313593716	1.406647596	0.616161783	0.370063329	0.50736273	0	0.598360417	0	0.398480396	0	0	1.583577252	1.780731807	0	0	3.108331821	0	0	0	0	0.269096266	0.8598523	0	2.879525803	0.503894678	0	2.130349369	0	0	5.085829023	0	0	0	0	0	0
Spermine	0.010180304	0	0	0	0	0.000679289	0.020553546	0.008069985	0.00172471	0.000419072	0.004590318	0.00095814	0.097955225	0.003428098	0.004541475	0.002012411	0.001044351	0	0.013218494	0.002519148	0.004808603	0.003145401	0	0.000851995	0.001215923	0	0	0.060572403	0.000206138	0.001249479	0.007058569	0.011158255	0.003268515	0.009388521	0	0.010924958	0.005360979	0.008510749	0.013522303	0.0735233	0.153121127	0.162355625	0.004176156	0.071962274	0.0112476	0.001824893	0.00376253	0.001264657	0.002905052	0.00138328	0.000808749	0.002971711	0	0	0.003573318	0.002078316	0.003101624	0.003270081	0.002215779	0.001677787	0.002040102	0.000411066	0.001259752	0.001895729	0.002950252	0.003014697	0.013404493	0.106319254	0.006265089	0.00033395	0.048022098	0.019552882	1.392340369	0.119658207	0.009783631	0.00750491
N_methylproline	0.203793599	0.008640881	0.010705379	0.072561575	0.002987063	0.138691718	0.072672315	0.210495818	0.013911696	0.173670117	0.098627959	0.028081451	0.281424808	0.018479797	0.057446617	0.065492508	0.02253568	0.101515218	0.182180003	0.022865905	0.25868512	0.338798986	0.236986531	0.025177303	0.022382854	0.062696132	0.200947675	0.038458263	0.025544892	0.043122597	0.130099963	0.169996556	0.339118721	0.233266414	0.06513376	0.05718998	0.095317993	0.131583618	0.041700609	0.127686915	0.074133501	0.026551723	0.022336746	0.006308145	0.110083517	0.050143168	0.039158626	0.086641567	0.121217824	0.090396223	0.107710122	0.377878964	0.008232134	0.281924476	0.176405048	0.046082299	0.097863875	0.067646726	0.109255746	0.029483883	0.030650025	0.005914825	0.047351154	0.056034379	0.064079023	0.042005458	0.056918048	0.008264816	0.013806729	0.005230006	0.03168688	0.080187349	0.050317063	0.040156136	0.025467139	0.019265222
Glutathione	0.045785413	0.050822675	0.129090751	0.028734731	0.039457725	0.146266606	0	0	0	0	0	0.048190887	0.034482465	0.075854464	0	0	0.086711541	0	0.282872135	0	0	0	0	0	0	0	0	0.192049763	0	0	0	0	0	0.11549771	0	0	0.118805493	0	0.137354678	0	0.315964011	0.181175034	0.016998032	0.097428741	0.016964156	0.296627945	0.010268949	0	0	0	0	0	0	0	0.932050292	0.599817627	0	0.374048263	0.702540864	0.268256279	0.607840812	0.009368204	0.038786976	0.222673158	0	0	0	0	0.164796084	0.024687933	0.030010228	0	0.294579455	0.000213552	0.127710333	0.182585014
Tyrosine	0.117815753	0.001246503	0.000838851	0.011031862	0.002250295	1.081491319	0.315630284	0.452487934	0	0.280492165	0.133508917	0.118652677	0.238840607	0.316295568	4.827620083	0.17959049	0.626317514	1.150329525	4.338143813	0	0	0	0.034066477	1.824936696	0.783322974	0.28247435	0.198424915	0.423520178	0.60029763	0.267972307	7.045318638	0	0	0.812432849	0.301008516	0.710151366	0.325402437	0.504843039	0.596661704	0.884582908	2.161856906	2.078880822	1.212284664	1.333202015	0.324413566	0.322471689	0.461556886	0.443036235	0	3.509229184	1.571598632	0	0.478308728	0.532069032	1.341397773	2.647335605	0.299727964	0.464587442	0.530230744	0.727092561	0.739094358	0.318026551	2.141516479	1.23231296	0.062591429	0.16068209	1.122820299	0.905825766	4.330423653	1.649185109	0.318549665	5.481862169	0.213512844	2.805454611	0.544384735	0.524032221
Hypotaurine	7.38E-05	0.001435736	0	0.001454369	0	0.088546383	0.100004811	0.23768797	0	0.013380183	0.023985378	0.052362537	0.009141457	0.102806412	0.012080236	0.004793516	0.001355172	0.026549751	0.283522154	0.019457116	0.204886991	0.019287879	0.050820626	0.064900021	0.006975738	0.01968629	0.029714402	0.041379663	0.037974167	0.020502144	0.006925582	0.028543833	0.027872451	0.135212429	0.045088325	0.056507135	0.076486655	0.052455796	0.016152026	0.087583984	0.03356856	0.022327689	0.051356742	0.061261882	0.02342415	0.027123416	0.120422813	0.017597456	0.006756019	0.006966199	0.030254256	0.03535627	0.056958277	0.019411612	0.03370912	0.059911722	0.040378688	0.009465776	0.05534902	0.027686914	0.098386159	0.005185708	0.004384275	0.027298586	0.004142591	0.022072891	0.270216308	0.108128419	0.077446763	0.009836406	0.119077973	0.086689316	0.018581802	0.023780863	0.009361649	0.014768953
Carnitine	0.000915243	0.000896154	0.000698764	0.000850076	0.000584916	1.102866604	0.036685872	1.056661685	0.320258568	0.404485851	0.333200441	0.357411415	0.019979924	0.018665847	1.065353777	1.303331511	0.231518666	0.300811545	0.649219428	2.059020285	0.930687952	1.164868124	1.581427799	0.932446364	0.681247873	0.047809499	0.533781721	1.080760682	0.696245187	0.467185984	1.766330594	1.06155688	0.775361237	0.311866966	0.979433352	1.496416444	1.787135616	0.877571354	0.290167616	1.278515131	1.039576497	0.630722918	0.234654041	0.629343599	0.452224801	0.02414424	0.290818778	0.011745064	0.167572451	1.874476245	0.734587196	1.290932643	0.882652547	1.701931572	0.844736998	0.502793141	0.03090431	0.833988573	0.720197467	1.164133635	0.95682052	0.405653911	1.050389341	2.192737355	0.029994202	0.040744505	1.535171924	0.790882876	1.236045358	1.617508942	0.135983052	1.891453323	0.365187719	4.259927927	0.903702586	0.91100753
Uracil	0.003690715	0.006447853	0.013035839	0.007542211	0.003959441	3.210465042	0	0	0	0.093065856	0	0	0	1.395848144	0	0	0	0	0	2.34396045	2.932413426	1.993913114	1.501977231	0.454639406	0.416556631	0.445963868	0	4.331116641	0	0	0	5.740445588	0	0	0	0	3.513866882	0	0	0	1.113702746	0	0	0	0	0.10127991	2.211598067	0	0	0	0	0	0	3.569630536	5.494517295	0	3.029996236	0	0	0	0	2.296003145	0	2.791909244	1.418969284	1.501497206	0	0	6.181941645	0	0	0	0	0	0	0
Lactic_acid	0.012094435	0.027349969	0.000791226	0.001847459	0.001029094	0	0	0.132891717	0	0.075652545	0.032646787	0.058068325	0.059211311	0.148359848	0	0.00328885	0	0	0	0.00266994	0	0.000534963	0.255632115	0	0	0	0.000685889	0.170919233	0.277791027	0.081410919	0.003485621	0.006418137	0.37704706	0	0.304824884	0	0.337641064	0	0.073326936	0.812275428	0.16752472	0.159298171	0.089474794	0.251816941	0.000674682	0.058290962	0.084656705	0.078566295	0.033020533	0	0.000538442	0.001842573	0.472591384	0.168720293	0.001695107	0.000889772	0	0	0.002810929	0.005146708	0.242176336	0	0	0	0	0	0.376540493	0	0	0.018253236	0	0.01587308	0	0	0.272149834	0
5_hydroxyindole	0.000507039	9.03E-05	0.000125661	0.000223569	0.000387958	0.152395755	0	0.103994086	0	0.029787735	0	0	0	0	0.110232127	0.140305544	0	0.046582263	0.111981936	0.045018658	0	0.041336518	0	0	0	0	0	0	0.094021581	0	0	0	0	0.139078811	0	0.022568797	0.021791779	0.076192475	0	0.335627497	0	0.096455343	0.039196591	0	0	0.041323642	0	0.085785559	0.039145587	0	0	0	0	0	0	0.121600186	0	0	0	0	0	0	0.167642731	0	0.058337377	0.017168529	0.109890192	0	0	0	0	0	0	0	0	0
Leucine_Isoleucine	0	0	0	0	0.009406861	0.807143017	0.957064532	1.499829208	0.502788693	0.790322194	0.391720226	0.801103487	0.802492371	1.405113811	1.984272793	0.782083749	1.046569447	1.116116188	4.748786371	2.275471165	0.909833465	2.590908117	1.361477456	1.705609426	0.89149877	0.990244936	0.614274257	0.834728921	1.545331797	0.732813467	1.780984147	0.711743453	1.244258512	0.784460225	1.169991107	0.440586195	0.804458202	0.572225607	0.233286431	0.874936108	1.333215484	1.212166402	0.162394401	0.729831561	1.041582851	0.687054224	0.807644478	0.810913188	0.659248759	1.986596487	0.785450734	2.596098052	1.623916841	0.001501076	1.054361497	0.800060567	0.858691636	1.30426344	0.765803303	0.744639273	0.463564186	0.399025482	1.775205708	1.30230201	0.191916261	0.353715272	2.892966229	1.296176798	4.072706764	1.938743676	1.126238044	1.662887619	1.793758102	3.108447283	2.81862033	0.754708945
3_nitrotyrosine	0.000650614	0.000865315	0.000626804	0.00036868	0.000713468	0.000176137	4.25E-05	5.09E-05	3.44E-05	0	0.000197279	0.000576366	0.000253293	0.00109633	0.000128654	0.000387984	9.49E-05	0.00017643	0.000228854	0.000142022	0	5.22E-05	7.90E-05	0	0.001425979	0.000282283	0.000309885	8.37E-05	0	5.34E-05	0.000127818	6.87E-05	0.000720305	0.000643213	0.000869875	0	6.91E-05	5.70E-05	0	0.001451249	0.000353194	0.000167203	0	0.000117095	0.000860336	0.000646341	0.00012784	0.000568898	0.000479128	0.000114479	2.64E-05	0.000535566	0.000187476	0.000108734	0	0.00015497	9.37E-05	4.81E-05	0.000764402	0.000189845	0.0003033	0	0.000694848	0.000546295	3.98E-05	0.000146411	0.00018757	0	0	0	0.000225135	0.000249758	0.002267442	0.001302746	0.000430255	0.000395418
Pyridoxine	0	2.56E-05	3.59E-05	7.06E-05	5.68E-05	0.045460589	0.01461721	0.085466632	0.003102777	0.039440502	0.049100275	0.008673005	0.002786482	0.011107743	0.009990886	0.015099041	0.01210239	0.011736979	0.007103726	0.017022351	0.013599098	0.003253636	0.018854934	0.033993291	0.016533709	0.004338521	0.008542844	0.000482586	0.019084594	0.0242616	0.01835192	0.006061628	0.008497512	0.000767105	0.005505734	0.016476529	0.025510636	0.010706732	0.00926297	0.015586898	0.014653496	0.031375704	0.012307097	0.037690498	0.046437298	0.001402852	0.015643516	0.001890719	0.029201968	0.011089699	0.008866038	0.006948795	0.002739549	0.05099831	0.060780399	0.022051899	0.001589494	0.042701526	0.02138041	0.011775461	0.012373418	0.015523157	0.011201497	0.108036207	0.003587921	0.045552215	0.224541301	0.014627177	0.007341876	0.007033225	0.004794299	0.072110277	0.004932831	0.008045399	0.002013552	0.009714279
Stachydrine	0	0	0	0	0	0.073270618	0.079197255	0.186438328	0.088705976	0.074304992	0.001291654	0.039281551	0.030007907	0.064555438	0.016165505	0.016863164	0.0068989	0.014719093	0.439459253	0.016458231	0.154037357	0.160807554	0.115519385	0.015833532	0.206519859	0.127052616	0.126813358	0.080314394	0.121993448	0.067336869	0.012187732	0.053022694	0.068316141	0.03473554	0.062299378	0.030809758	0.106116672	0.083165964	0.00292705	0.092436934	0.097191049	0.01152514	0.016641947	0.028903097	0.005024126	0.051519494	0.057123411	0.063008717	0.036882958	0.094181143	0.109516075	0.103958484	0.00285988	0	0.067048892	0.056155884	0.058705448	0.143703611	0.064138531	0.039729202	0.017992101	0.019557331	0.131598591	0.168290121	0.033625085	0.020616131	0.221126053	0.061105794	0.078056469	0.133712186	0.02692913	0.06905414	0.068104799	0.030097499	0.011018667	0.111667548
Oxalic_acid	0	0	0.003232624	0.011161828	0	1.692727449	0	0.213128617	0	0	0.198733673	0	0	0.677413268	1.74216575	0.176996911	0	0	0.354719645	0	0	0.087481003	0.05997546	0.015472845	0	1.822135383	0	0.372331772	0	0	0	0	0	0.084017441	1.086448543	0	0.000490618	0.003484626	0	0	0	0	0.057634328	0.363564652	0	0.667559215	2.791225391	0	0.049944123	0.553043067	8.41E-05	0.954848623	0.161610491	0	0	0	0.012463702	0.238224437	0	0	0	0.006367594	2.027246035	1.005198315	0.628294063	0	0	0	0.939728973	0	0	0	0	5.497210487	0	0.021097367
dAMP	0.00547268	0	0	0	0.001056795	0	0	0	0	0	0	0	0	0.026533682	0	0	3.323215909	3.305938689	1.614269358	0	0	0	0	0.628500974	0	0	0	1.787354989	0.087714741	0.302876564	0	0	0	0	1.992482701	0	0	0	0.941406262	0	0.62144768	0.058556326	0.000919255	0.005102421	3.530469348	0.282207533	0.045844771	0.022443603	0.108211576	0	0	0	0.001470588	1.230957501	0.190959836	0.898194156	2.657629065	4.381953273	0	0	2.985369253	0.0085147	0.855671575	0.137897167	0	0	0	2.951826596	0.000947852	0.38806814	0.024221863	3.158347097	0	1.887951683	0	0
Xanthosine	0.008644173	0.004463084	0.007876216	0.003878828	0.002296492	0	0.212962355	0.061497672	0.013254966	0.003155789	0.288263382	0.066877867	0.169254394	0.19280727	0.097651411	0.00543323	0.011339118	0.003108972	0.240817319	0	0.006172446	0	0.019590867	0	0.748482856	0.02229315	0.199178474	0.080389234	0.004977893	0.015739765	0.0627123	0.013933243	0.02602817	0.022056729	0.054371281	0.008936811	0.005030529	0.046596963	0.074499488	0	0.328353673	0.434866943	0.0504352	0.084528511	0.391211548	0.001587968	0.285926096	0.081983223	0.050194144	0.93150807	0.053688829	0.089607873	0.003844902	0.335001006	0	0	0.004775707	0.035644954	0.23556564	0.624753783	0.067756805	0.000250041	0.003821282	0.001245902	0.002767394	0	0.09803436	0.195713714	0.144226794	0.001635924	0.91728118	0.008481859	0.470943158	0.101118427	0.311326743	0.251609008
Tyrosine_methyl_ester	0.047661214	0.093279049	0.013145804	0.035132616	0.022545895	0.000545998	0.001112377	0.001660566	0.000794982	0.001024035	0.00457164	0.000934597	0.000776374	0.001747218	0.000556038	0.00029668	0.001923821	0.001666712	0.002033761	1.897861984	0.002482362	0.001800678	0.858837005	0.000735789	0.005228417	0.00439832	0.002805402	0.00132917	0.001532559	0.001020909	0.120559254	0.000793305	0.000833561	0.002550362	0.07596069	0.003316641	0.007796984	0.000132836	0.000321567	0.001178048	0.001007896	0.001395903	0.000367997	0.00045087	0.000630213	0.003594534	0.002100394	0.002225207	0.001377214	0.000879232	0.013900256	0.007425904	0.000216722	0.00292815	0.000580744	0.001715842	0.000393333	0.072253122	0.00162147	0.000913224	0.000879468	0.000139207	0.000218979	0.001240922	0.004019375	0.005531937	0.030493784	8.57E-05	0.001378245	0.000333376	0.000281177	0.001324637	0.001086893	0.001276171	0.00186286	0.000783487
Phenol	0	0	0	0.005282106	0	0	4.52E-05	4.35E-05	0.00013335	0.000377795	6.11E-05	0.0003018	0.000225566	0.000390501	0.000879434	0.000439911	0.000219555	7.49E-05	0.000200669	8.44E-05	0.00045704	0.000173208	0.000870153	0.000205383	0.000330244	0.000112237	0.000189463	0.000197071	0.001394968	7.46E-05	0.001624892	0.000506456	0.001634626	0.00034062	0.000540474	0	0.001028236	0.000461247	0.000107989	0.001803822	0.000203387	0.000492654	0.000173303	0	0.000431197	0.000521225	0.000347702	0.000339331	0.000364243	0.001180672	0.000438927	0.000547678	0.00402564	0	0.001099942	0.00113661	0.001282841	0.000760764	0.002129764	0.00142677	0.000819407	0.000215485	0.001069409	0.001437708	0	6.44E-05	0.001045395	0.000152252	0	0.001222698	0.000396277	0.000995865	0.002483979	0.000655897	0.000246318	0.000828066
Phenylacetylglycine	8.43E-05	0	0.000220594	0	0.00011798	0	0	0	0	0	0	2.89E-05	7.10E-05	0	0.00039976	0.000259502	0	0	0	0.000620733	0.000191746	8.32E-05	0	0.000308982	0	0.000671151	3.85E-05	0.000101439	0.000247945	0	0.000668068	0.000512993	0.000535203	0.000376711	0.000525268	0	0	7.31E-05	0.000103724	0.000653581	0	0	8.87E-05	0	0.000158754	0	0	8.38E-05	3.68E-05	0	0	0	0.00011836	0.000139522	0	0.000149659	0.000164506	0	0.000209975	0.000599798	0.000559611	0	0	0.000425863	3.46E-05	0	0.000248833	0	0	0.000126421	0	0.0002572	0.000199289	0.000213316	0.000169216	0
Indoleacetylglycine	0	0	0	0	0	0	0.000111014	7.58E-05	2.42E-05	0	3.52E-05	2.59E-05	2.21E-05	0	7.55E-05	0	0	0	0	0	0	3.90E-05	0	0	0	0	0	0	0	0	0.000119919	0	0	0	0.000104243	0	0	2.64E-05	0	0	0	0	0	0	0.000131577	0	2.98E-05	2.62E-05	0	0	4.44E-05	0	0.000113403	0.000363728	0	0	0	0	6.23E-05	0.000120862	0.000165141	0	7.72E-05	0.000134626	0	0	0.000210133	0	0	0	0.000137904	0.000270314	0.000433872	0	0	0
Biotin	0	0	0	0	0	0.000229225	0.000138791	0.000384128	0.000448679	0.000161524	7.80E-05	0.000144116	0.000227177	7.94E-05	0.001440975	7.55E-05	0.000361037	0.000657894	0.000765803	0.00075062	0.000598231	0.000824341	0.000302984	0.00024531	0.000438952	8.53E-05	0.000298165	0.0003128	0.000189426	0.000158195	0.00058772	0.000359433	0.000475499	0.000343152	0.000384096	0.000113913	0.000948484	3.95E-05	2.88E-05	0.000345437	0	0	4.79E-05	0	0.000374684	5.43E-05	3.31E-05	4.70E-05	8.78E-05	0.000973361	0.000588069	0.00052646	8.20E-05	0.000290054	0.000318282	0.000491854	0.000233994	0	4.13E-05	0.000290876	0.000103298	0	0.000146741	0.000100217	0.00012198	0.00045136	0.000257285	4.08E-05	0	0.000189653	0	0.000534299	0.000785897	0.000532929	0.000174834	0.000111784
Indole_3_acetate	0	0	0	0	0	0.064294351	0.038766213	0.242763519	0.073076751	0.061063359	0.055038873	0	0.051086392	0.288091336	0.051272971	0	0.210410822	0.225529798	0.325681284	0.302985306	0.07373858	0.232863116	0.024116457	0.116140515	0.001223384	0.160664418	0.000965846	0.104434211	0.001647562	0.090221176	0.02004975	0.020531433	0	0	0.161843519	0.009793356	0.007572823	0.13201824	0.000644874	0.002274271	0.000970559	0.000753623	0.000405944	0.000342671	0.012437739	0.117297687	0	0.098009865	0.034745059	0	0.376471007	0.084713207	0	0.252378984	0.043041602	0.064959215	0.09963974	0.03495097	0.082461977	0	0	0.017048216	0	0	0	0.14343796	0.656649408	0.37557771	0.01068081	0.017339086	0.098023297	0.008655524	0	0.083433681	0.002905491	0
Riboflavin	0.000362127	0.000193816	0.001948405	0.000212539	0.000724287	0.00163446	0.001525931	0.003850595	0.002483453	0.002104711	0.003285154	0.001190614	0.001593345	0.00276183	0.004480612	0.002704626	0.00016081	0.00014396	0	0.003660308	0.00279597	0.005375898	0.003735381	0.000216778	0.003155878	0.001568667	0.001881734	0.001771574	0.002262929	0.000950296	0.008033736	0.002629241	0.004445658	0.00264032	0.003375322	0.000193768	0.000375747	0.000722416	0.002119984	0.026373974	0.007808978	0.015371204	0.004160766	0.004467068	0.003148711	0.004305606	0.002786006	0.003860356	0.002992916	0.00630923	0.007662102	0.00748057	0.027918131	0.002964359	0.001428086	0.002590548	0.001738483	0.001698008	0.003266954	0.005033992	0.002140575	0.000206085	0.001447569	0.000382789	0.000166559	0.000199824	0.003203408	0.000321197	0.000529621	0.000177394	0.001170486	0.012993082	0.011663494	0.01190499	0.001562461	0.001858778
Choline	0	0	0.035637138	0.042088425	0.015691957	0	0	0.500021716	0	0	0	0	0	0	1.475263238	0	0.958138606	0	0.03238864	0	0	0	0	0	0	0	0.059669053	0	1.54401459	0.025313185	0	0	0	0.064127788	0	0	0	0	0.105641659	0	0	3.119407225	0	0	0	0.050840014	0.082962736	0	0	0	0.801326413	0	0	0	0	0	0.154589057	0.053703778	0	0	0	1.077329221	0.694191193	0	0	0	0	0	0	2.547701528	0	0	0	0	0	0
Trimethylamine	1.78062022	1.26898726	0	0.214097737	0.012043374	0	0	0	0	0	0	0	0	0	0	0	0	0	0	0	0	0	0	0	0	0	0	0	0	0	0	0	0	0	0	0	0	0	0.091126278	0	0	0	0	0.147017659	0.59047593	1.341342436	0	0	0	0	0	0	0.893132805	0	0	0	0	0	0	1.225707371	0	0	0	0	0	0	0	0	0	0	0	0	0	0	0	0
Hyocholic_acid	0	0	0	0	0	0	0	0	0	0	0	0	0.520311473	0	0	0	1.201862533	2.532008477	5.05091273	0	3.830173018	0	3.206503337	0	3.502921578	0	1.530492808	0	0	0	0	0	0	0	0	0	0	0.489007666	0	7.180477199	0	0	0	0	3.467710272	0	1.482989785	0	1.451157494	0	0	4.106504135	0	0	3.798476498	3.740151926	2.610508876	4.641641962	4.100061024	0	0	0	0	0	0	0	0	2.490237795	0	0	0	0	0	0	0	0